000067 0.042 43.19 85.11 420.77 235.53
000128 0.351 0 167.96 500 337.82
000216 0.295 235.55 165.3 285.55 221.46
000243 0.767 179.05 130.37 278.56 200.33
000260 0.839 30.14 39.83 415.1 211.88
000260 0.319 402.9 160.45 500 204.55
000316 0.621 360.38 201.24 426.71 231.96
000418 0.854 27.99 29.31 500 353.29
000473 0.153 418.87 121.65 467.47 153.33
000521 0.745 250.44 134.62 332.84 249.62
000560 0.855 48.3 322.67 203.7 387.77
000600 0.255 20.76 0 451.8 329.66
000618 0.512 3.23 20.84 164.16 196.07
000618 0.61 418.56 0 500 140.8
000665 0.481 241.52 248.33 411.62 340.13
000668 0.907 473.64 0 500 114.7
000696 0.817 442.75 149.89 500 319.77
000706 0.604 222.49 187.19 279.19 232.31
000706 0.45 187.48 205.75 220.48 267.66
000706 0.649 49.01 286.9 116.42 329.68
000706 0.576 111.86 160.79 177.58 216.95
000706 0.541 75.18 121.01 119.34 182.75
000817 0.278 225.66 129.9 288.38 148.26
000846 0.277 124.6 178.58 167.86 207.72
000846 0.843 145.64 211.35 188.04 242.25
000846 0.63 174.39 245.22 214.17 276.83
000846 0.892 186.52 210.52 232.3 242.32
000846 0.196 209.39 182.83 247.01 213.52
000846 0.444 264.46 182.87 315.55 214.07
000846 0.402 193.48 154.61 236.28 184.31
000846 0.328 144.09 138.99 183.87 170.3
000846 0.644 207.79 72.22 243.51 115.62
000968 0.358 41.57 73.35 455.62 237.01
000976 0.829 0 26.74 500 430
001046 0.086 0 108.18 394.25 221.58
001080 0.662 0 51.55 467.18 215.35
001099 0.038 40.27 78.37 500 312.97
001126 0.727 151.2 66.66 326.0 267.3
001153 0.726 141.97 192.96 332.77 266.09
001223 0.065 0 122.81 438.03 250.11
001305 0.091 192.42 0 500 95.22
001373 0.084 7.46 76.52 500 228.46
001377 0.209 274.67 157.95 323.72 246.69
001433 0.916 59.08 86.33 500 244.98
001505 0.594 334.66 184.09 356.86 201.37
001547 0.095 82.64 105.45 486.64 216.55
001568 0.601 0 0 400 231.0
001621 0.935 0 0 500 319.26
001660 0.007 191.0 124.49 457.8 193.5
001783 0.553 51.3 186.41 265.05 264.89
001783 0.544 313.06 266.87 382.49 372.47
001848 0.797 70.88 95.19 455.66 203.1
001850 0.282 89.58 134.64 497.26 290.86
001884 0.968 141.28 115.56 446.28 206.64
001885 0.08 34.94 61.34 392.96 139.53
001885 0.078 341.41 69.17 500 175.57
001912 0.743 14.23 45.91 450.12 214.24
001929 0.025 233.1 96.65 421.5 148.16
001994 0.952 197.19 147.73 409.29 242.77
001996 0.084 4.31 78.69 437.27 237.85
001996 0.315 332.7 214.42 372.2 230.74
002007 0.534 161.48 116.69 297.56 226.78
002014 0.302 180.51 144.74 223.35 181.34
002052 0.287 75.04 0 500 333
002089 0.424 26.44 170.7 123.46 211.86
002107 0.866 407.22 243.81 449.45 258.93
002110 0.675 0 21.25 500 126.27
002157 0.263 0 98.48 444.08 242.36
002198 0.148 118.31 100.25 417.07 171.25
002217 0.389 23.29 70.95 245.05 148.03
002217 0.69 192.39 117.19 430.32 184.87
002217 0.998 358.8 148.16 498.3 212.96
002217 0.684 62.08 152.96 291.57 227.12
002217 0.864 221.56 189.31 485.74 252.1
002217 0.732 106.32 217.48 345.08 292.96
002246 0.591 174.96 244.94 333 475.78
002357 0.747 35.42 181.27 457.3 347.17
002467 0.641 59.16 141.04 500 251.62
002467 0.532 103.23 217.73 190.63 254.59
002467 0.675 222.1 219.35 382.6 258.74
002467 0.264 277.61 190.98 439.2 228.06
002583 0.217 0 0 478.08 232.76
002619 0.933 8.77 50.5 302.25 500
002629 0.287 254.27 168.32 342.38 196.45
002661 0.377 0 181.5 240.0 318.49
002665 0.078 236.07 98.53 475.77 193.39
002703 0.538 99.33 176.12 184.47 235.86
002707 0.638 412.12 122.04 500 226.92
002754 0.126 398.24 0 500 232.9
002769 0.386 21.65 60.48 500 273.0
002822 0.824 191.77 104.19 231.01 124.43
002843 0.718 323.28 95.8 399.28 121.84
002843 0.11 0 99.21 500 375
002851 0.249 244.61 33.99 500 187.11
002894 0.956 0 112.2 449.54 330
002894 0.372 355.09 66.61 497.68 146.29
002908 0.549 189.85 104.19 293.81 229.32
002949 0.712 89.67 0 386.37 127.82
002971 0.54 0 116.94 500 361.02
003037 0.314 0 25.3 500 350.58
003037 0.168 103.01 97.94 457.36 201.73
003144 0.798 105.06 140.46 500 223.27
003160 0.539 142.22 9.14 456.59 339.18
003209 0.819 52.93 108.65 409.19 218.86
003209 0.871 127.93 158.87 284.48 206.61
003230 0.305 184.66 138.14 406.14 242.02
003268 0.184 5.46 110.21 500 271.13
003268 0.1 432.55 234.49 487.14 253.02
003347 0.54 102.2 87.87 167.85 108.45
003372 0.558 214.35 130.51 278.67 179.47
003381 0.258 2.57 124.1 448.47 243.31
003445 0.403 34.36 125.58 500 236.82
003445 0.416 0 192.75 139.0 224.95
003478 0.215 425.52 16.96 480.6 72.25
003494 0.762 0 33.66 500 271.66
003574 0.378 19.95 62.32 500 258.16
003823 0.146 103.88 114.83 460.14 228.68
003931 0.446 16.94 65.0 485.06 297.5
004078 0.626 0 78.12 491.04 281.42
004153 0.681 19.71 46.37 497.95 263.28
004153 0.165 0 148.15 154.58 201.91
004199 0.488 45.75 16.17 500 113.99
004278 0.169 27.48 140.11 500 295.51
004314 0.405 40.6 82.78 495.64 282.06
004377 0.418 198.18 175.62 217.98 199.02
004377 0.837 190.14 227.26 199.58 243.85
004377 0.316 195.06 224.8 212.91 250.05
004377 0.709 199.31 238.08 217.33 259.86
004377 0.106 191.85 261.24 211.65 285.16
004377 0.803 186.61 282.88 201.65 305.38
004398 0.439 44.7 89.79 500 205.23
004477 0.785 0 129.33 169.2 224.47
004477 0.561 330.31 208.3 429.19 234.82
004477 0.33 389.55 203.27 490.25 251.27
004497 0.706 27.4 5.89 500 357
004533 0.814 291.13 205.08 449.4 279.81
004556 0.494 7.46 43.42 497.51 273.31
004572 0.271 236.41 245.24 276.89 296.38
004633 0.865 16.77 69.8 383.77 210.78
004645 0.571 6.96 118.55 478.32 248.84
004680 0.276 110.62 159.97 375.49 267.03
004752 0.778 105.62 68.37 187.24 138.33
004784 0.758 193.0 112.82 250.23 248.12
004824 0.565 33.98 97.61 212.46 208.63
004824 0.022 133.68 0 313.2 137.8
004906 0.231 115.25 22.05 202.05 222.65
004988 0.522 9.97 3.2 500 274.76
005008 0.253 244.27 200.42 500 333
005034 0.294 330.53 122.46 440.33 187.78
005043 0.972 317.89 201.51 434.89 228.78
005076 0.644 0 10.57 451.05 247.27
005106 0.334 121.36 188.37 279.76 243.49
005106 0.627 349.92 217.92 416.87 241.68
005234 0.642 103.72 92.15 500 273.59
005234 0.596 401.2 136.7 500 207.51
005238 0.198 0 126.17 435.16 242.77
005249 0.079 42.31 48.37 375 471.31
005376 0.442 156.76 201.34 354.52 252.75
005392 0.86 3.24 38.45 492.54 229.0
005402 0.539 80.1 113.72 335.54 260.92
005458 0.513 145.68 138.35 343.48 188.75
005458 0.03 56.44 132.51 500 322.83
005537 0.467 81.0 137.92 384.3 298.57
005575 0.948 0 108.84 500 262.63
005633 0.003 97.63 65.77 186.63 90.49
005633 0.292 144.68 74.19 274.22 107.85
005633 0.449 191.75 48.97 385.25 80.89
005633 0.164 39.15 74.11 303.96 137.35
005633 0.414 6.22 53.73 500 211.84
005927 0.085 68.45 78.04 500 253.48
005927 0.748 111.53 55.61 494.32 160.7
005965 0.92 29.18 136.56 178.22 315.66
006024 0.053 25.87 90.0 380.77 234.0
006051 0.052 205.24 141.89 251.12 179.57
006051 0.137 290.58 166.9 372.18 195.5
006051 0.601 321.65 197.47 386.92 225.03
006051 0.745 298.98 220.24 355.4 239.77
006051 0.491 382.83 229.21 441.39 252.21
006051 0.651 426.72 259.45 483.14 282.95
006232 0.403 95.5 150.07 500 285.7
006263 0.546 53.9 65.3 500 228.58
006294 0.689 0 68.15 500 251.27
006347 0.912 8.82 105.05 480.78 204.8
006347 0.43 305.99 116.05 462.41 150.25
006347 0.886 465.56 118.11 499.9 135.97
006406 0.013 292.94 114.47 375.26 153.61
006406 0.607 172.75 135.24 253.09 170.26
006406 0.716 85.53 149.14 165.87 183.38
006406 0.681 96.28 180.16 173.08 209.28
006406 0.105 72.26 204.36 150.16 240.41
006533 0.172 100.09 158.32 213.85 209.57
006577 0.997 0 0 169.0 157.2
006592 0.982 0 130.25 477.12 240.25
006651 0.899 0 88.0 471.12 288.0
006713 0.269 24.76 175.11 333 267.81
006752 0.677 211.59 142.19 283.95 222.75
006758 0.882 143.92 83.57 229.28 125.39
006758 0.48 197.99 260.95 500 351.16
006758 0.92 64.59 292.17 174.59 347.82
006888 0.156 0 16.69 500 225.24
006888 0.362 113.6 13.91 444.8 138.14
006946 0.696 0 13.93 472.36 289.33
007026 0.124 21.33 149.18 500 333.0
007026 0.224 260.47 194.18 500 299.12
007026 0.271 136.6 130.03 329.65 186.29
007096 0.338 11.84 77.34 474.64 230.7
007135 0.885 203.8 115.32 293.8 152.94
007155 0.227 16.95 133.04 391.35 277.58
007157 0.587 0 139.26 282.1 324.37
007157 0.06 5.55 171.18 110.49 213.48
007164 0.682 99.25 0 414.58 265.0
007169 0.448 41.22 51.7 357.06 200.85
007257 0.605 166.13 157.4 222.23 171.9
007262 0.22 104.43 121.0 294.75 202.6
007267 0.312 122.91 94.59 500 198.62
007286 0.85 144.45 58.21 350.49 288.25
007290 0.904 119.07 146.82 296.7 222.08
007290 0.476 419.9 155.84 476.3 193.21
007290 0.475 84.15 174.2 161.85 213.0
007341 0.197 97.56 65.27 461.41 229.2
007352 0.526 0 316.38 467.18 333
007352 0.846 398.05 186.56 500 225.95
007367 0.243 295.52 183.72 432.48 219.0
007367 0.585 81.89 167.22 223.19 195.22
007403 0.188 28.14 120.03 153.58 294.99
007502 0.12 168.72 87.48 265.54 225.51
007548 0.273 75.45 71.36 361.4 188.75
007548 0.358 7.88 121.48 155.08 189.96
007632 0.597 0 130.3 475.3 314.05
007676 0.437 93.31 28.41 500 331.57
007698 0.58 195.79 139.35 347.73 208.71
007711 0.621 73.8 163.68 405.0 319.08
007806 0.732 15.15 198.57 461.4 362.89
007806 0.579 231.21 248.18 500 353.78
007825 0.568 11.84 112.36 451.86 237.49
007837 0.097 96.62 103.78 471.02 299.26
007837 0.374 427.57 203.52 500 245.43
007870 0.552 33.19 162.4 459.55 254.47
007973 0.305 13.16 112.42 399.8 200.74
007985 0.564 0 0 500 198.32
007993 0.596 0 81.83 499.8 238.38
007993 0.959 17.77 200.31 174.91 249.27
007995 0.302 41.05 120.46 445.21 222.43
008016 0.817 0 65.08 462.24 205.25
008055 0.859 317.59 141.78 334.93 159.06
008055 0.388 294.0 148.93 312.53 162.37
008055 0.683 303.38 125.07 321.25 141.39
008055 0.049 321.31 68.92 337.12 84.92
008055 0.875 307.66 89.62 327.42 103.42
008055 0.2 297.5 112.91 312.06 126.95
008055 0.502 272.73 117.36 289.05 131.22
008055 0.077 249.88 119.96 266.37 133.61
008055 0.497 264.02 132.2 281.88 150.82
008104 0.213 16.54 92.69 478.11 296.63
008104 0.553 455.4 168.65 495.72 201.97
008352 0.445 49.48 45.36 452.48 238.41
008440 0.004 12.27 49.12 449.98 362.53
008459 0.538 154.82 246.93 498.02 349.65
008459 0.892 33.49 134.83 209.53 237.03
008459 0.918 154.97 174.09 276.48 214.75
008459 0.141 129.77 173.88 216.1 197.34
008459 0.088 356.73 156.43 447.73 189.07
008459 0.172 436.56 145.34 499.39 192.64
008537 0.839 43.18 0 500 287.04
008554 0.741 183.21 117.69 430.38 201.33
008554 0.855 0 166.95 81.84 195.16
008625 0.732 33.06 53.95 461.7 227.71
008669 0.763 103.19 86.6 500 253.88
008714 0.221 36.34 84.42 500 293.68
008761 0.535 83.61 18.73 500 325.63
008791 0.003 42.08 118.22 500 222.56
008825 0.163 123.72 130.91 406.42 208.09
008861 0.792 358.75 223.84 388.45 259.56
008881 0.655 282.49 95.83 347.09 211.26
008908 0.105 237.53 0 500 361.2
008950 0.886 119.3 55.61 301.61 184.25
008986 0.178 56.92 118.54 360.92 286.4
008986 0.436 283.17 143.89 495.72 316.93
009030 0.588 97.11 0 444.88 226.56
009076 0.359 289.7 125.69 500 263.33
009083 0.047 0 153.36 458.49 300.3
009167 0.084 396.9 127.54 500 242.9
009211 0.496 143.6 140.59 305.6 210.89
009262 0.092 11.48 81.64 493.25 241.48
009292 0.052 192.43 10.72 327 266.47
009329 0.994 0 4.98 500 333
009332 0.641 183.99 251.03 308.19 356.76
009332 0.413 0 246.78 80.8 342.81
009356 0.632 423.28 144.15 447.2 155.74
009356 0.126 433.59 160.59 451.45 176.75
009356 0.893 446.26 176.78 464.86 197.18
009356 0.455 433.79 198.35 450.89 213.99
009356 0.393 457.1 199.94 475.34 215.14
009356 0.807 476.03 199.72 497.87 216.52
009356 0.638 433.77 201.41 461.13 221.3
009356 0.687 422.0 248.37 433.88 257.04
009356 0.603 394.33 262.87 411.62 271.51
009553 0.619 137.57 169.14 200.27 202.0
009553 0.045 237.11 126.51 300.11 160.3
009553 0.329 243.43 149.9 308.77 184.0
009553 0.791 249.18 181.75 315.74 210.17
009553 0.663 352.39 84.19 427.99 116.53
009553 0.224 399.17 118.82 460.27 161.72
009553 0.385 340.0 134.38 434.89 157.42
009553 0.374 359.92 172.27 421.66 197.65
009553 0.601 362.85 194.92 429.63 220.14
009824 0.634 111.63 134.34 390.09 225.29
009835 0.248 108.03 120.99 359.19 229.89
009838 0.313 37.23 100.26 474.94 257.14
009876 0.48 72.02 65.44 379.39 222.32
009919 0.248 55.1 135.66 500 241.26
