000015 0.554 0 65.4 251.87 327.36
000038 0.741 147.72 179.22 271.32 245.18
000111 0.169 174.97 221.73 226.42 230.05
000111 0.964 182.09 205.48 217.79 222.82
000111 0.688 159.14 205.14 172.42 217.21
000111 0.994 232.92 216.4 272.85 233.89
000111 0.728 226.92 192.88 248.34 202.5
000111 0.016 255.72 202.66 288.58 223.1
000111 0.063 302.22 197.49 316.94 208.05
000111 0.516 334.86 191.14 361.25 208.42
000139 0.045 123.03 116.9 285.83 261.86
000155 0.397 91.12 47.42 128.72 116.04
000155 0.691 159.81 227.26 203.51 339.36
000155 0.85 225.71 293.37 313.45 432.23
000230 0.406 174.22 178.02 406.87 366.12
000261 0.361 2.62 53.0 378.34 328.0
000261 0.768 62.9 85.48 444.4 310.12
000283 0.321 330.16 258.78 437.26 444.9
000283 0.073 89.53 145.23 192.43 373.71
000399 0.19 17.07 22.87 436.59 292.63
000527 0.733 140.67 202.56 259.23 286.71
000527 0.712 212.34 191.45 315.3 256.31
000527 0.568 375.47 194.13 451.83 261.08
000527 0.878 351.12 170.05 416.22 217.55
000562 0.317 182.12 177.29 260.12 296.29
000567 0.121 186.9 238.23 287.7 375
000572 0.868 20.66 172.49 235.94 330.08
000572 0.694 26.53 144.11 222.73 297.33
000584 0.52 18.49 47.34 370.01 292.14
000594 0.127 23.02 107.85 443.44 306.82
000614 0.121 127.65 105.49 435.81 295.39
000640 0.49 0 42.77 455.9 375
000697 0.036 68.4 189.01 193.53 387.18
000718 0.066 0 0 227.63 265.36
000819 0.961 51.49 138.88 333 377.24
000825 0.963 73.19 55.4 500 312.28
000891 0.602 32.95 187.54 224.35 316.34
000930 0.456 120.25 141.78 322.13 260.46
001033 0.897 80.92 332.82 170.52 500
001089 0.68 47.16 78.98 474.36 325.82
001096 0.003 170.55 156.75 409.23 337.75
001165 0.181 70.62 351.18 132.94 399.28
001165 0.414 192.0 319.42 268.22 362.06
001193 0.958 17.41 0 375 494.01
001213 0.339 226.53 376.0 375 467.2
001238 0.935 178.69 238.13 266.99 362.58
001256 0.103 214.45 193.92 262.39 216.96
001256 0.882 438.21 191.75 492.36 317.71
001256 0.751 368.74 233.37 439.3 319.05
001256 0.82 400.84 199.81 448.31 299.17
001307 0.75 17.7 106.5 53.4 171.78
001307 0.012 251.29 117.85 278.89 146.71
001307 0.788 246.72 255.21 288.32 334
001307 0.052 269.7 145.92 367.7 266.52
001307 0.2 330.61 213.45 410.65 289.95
001329 0.266 293.51 224.94 449.03 333.1
001336 0.04 81.62 107.95 343.62 247.45
001370 0.483 117.58 296.52 227.08 500
001370 0.326 197.98 221.63 307.12 477.18
001396 0.539 203.73 185.58 249.33 237.24
001403 0.13 10.61 134.33 125.27 213.21
001403 0.777 122.84 163.9 199.84 224.87
001403 0.014 240.85 176.54 322.19 258.16
001403 0.104 368.64 188.46 477.78 263.92
001403 0.549 458.11 187.4 494.59 263.4
001496 0.486 361.39 107.02 494.26 231.02
001496 0.583 209.49 146.1 347.92 273.17
001496 0.961 74.5 175.48 187.03 309.04
001496 0.694 168.98 47.22 295.86 151.56
001587 0.021 203.86 245.43 267.56 323.71
001606 0.817 217.38 95.24 379.64 381
001606 0.745 380.28 180.36 454.11 381
001606 0.271 1.31 149.92 164.06 381
001613 0.523 0 331.23 272.32 375
001620 0.116 27.68 271.81 246.77 443.82
001620 0.763 141.31 244.85 316.11 457.91
001748 0.211 81.71 0 261.18 157.92
001781 0.393 390.68 31.36 500 333
001859 0.169 0 0 490.78 375
001988 0.221 6.12 118.66 325.89 462.66
002008 0.004 68.96 210.22 136.86 319.0
002060 0.893 206.64 209.81 305.08 371.38
002078 0.479 417.47 0 500 369.92
002128 0.501 0 121.2 500 375
002168 0.428 384.92 218.24 476.62 314.24
002168 0.892 356.86 229.3 433.54 299.86
002168 0.001 257.87 179.29 307.15 290.89
002168 0.198 188.74 219.26 218.81 259.22
002168 0.776 153.83 217.26 187.43 274.68
002168 0.848 123.92 236.64 155.2 330.37
002227 0.64 384.11 170.04 500 333
002239 0.738 342.06 170.8 428.3 302.1
002239 0.334 297.0 180.24 348.48 273.74
002239 0.056 110.16 134.17 186.08 268.99
002292 0.869 78.46 236.85 303.19 371.85
002325 0.368 234.37 242.54 457.88 377
002325 0.516 0 275.34 251.86 372.16
002325 0.03 137.07 238.58 293.52 371.24
002397 0.79 184.44 377.87 261.66 468.26
002473 0.206 0 20.12 475.3 319.64
002475 0.159 302.93 234.62 360.53 312.88
002475 0.471 225.94 221.18 288.94 312.7
002475 0.306 154.63 203.19 219.31 287.79
002475 0.492 77.95 196.19 141.65 293.56
002626 0.99 191.62 345.21 212.02 412.14
002626 0.673 252.89 323.75 304.83 427.25
002626 0.622 283.93 384.68 370.41 500
002626 0.327 214.68 309.63 235.2 388.11
002626 0.341 92.38 315.44 122.14 383.28
002631 0.237 86.95 221.78 308.29 428.77
002631 0.314 57.32 153.77 271.72 492.44
002640 0.479 29.39 0 442.05 243.2
002698 0.061 40.84 25.8 460.49 260.04
002698 0.584 105.27 0 434.67 240.96
002731 0.811 283.1 196.88 382.61 311.37
002839 0.51 21.4 0 413.4 333
002860 0.23 135.41 112.86 291.97 217.05
002920 0.968 420.46 225.98 484.48 277.46
002920 0.763 319.82 228.09 400.4 277.59
002920 0.909 231.01 205.36 308.41 269.06
002920 0.928 177.74 156.68 240.74 197.76
002920 0.719 0 241.22 85.5 281
002920 0.449 2.68 219.13 34.48 264.01
003075 0.312 17.37 148.28 177.11 500
003075 0.321 389 500 389 500
003081 0.383 0 170.45 369.21 374.12
003130 0.775 23.02 225.81 293.31 449.44
003151 0.09 47.49 206.97 160.19 353.85
003151 0.56 287.52 67.66 327 170.26
003275 0.218 92.96 212.04 214.16 280.44
003312 0.376 6.48 23.67 432.44 333
003346 0.668 35.3 187.05 126.44 341.58
003388 0.798 440.16 77.82 499.68 127.74
003388 0.648 390.53 96.52 409.07 139.72
003388 0.689 202.9 116.17 244.7 221.03
003388 0.869 103.26 144.76 191.71 205.56
003388 0.699 56.43 157.99 123.63 312.43
003388 0.579 221.81 207.76 392.93 324.76
003388 0.73 471.82 225.89 500 322.91
003400 0.973 300.4 23.83 500 375
003482 0.608 142.38 161.56 390.62 372.68
003534 0.965 106.31 333 298.41 333
003534 0.814 170.09 98.43 414.69 307.71
003534 0.24 0 54.2 131.0 246.2
003542 0.716 213.23 228.7 315.15 292.3
003542 0.939 144.92 222.46 226.7 283.22
003542 0.494 69.54 238.23 153.26 297.03
003542 0.879 28.36 248.24 136.66 326.45
003726 0.746 0 84.69 500 309.17
003746 0.896 0 202.88 125.97 345.44
003746 0.34 266.29 160.68 488.77 364.62
003766 0.151 15.02 35.54 409.22 362.78
003768 0.882 40.24 88.78 261.01 400
003795 0.016 368.81 159.37 481.65 351.65
003795 0.527 255.84 260.85 441.48 367.95
003795 0.096 244.81 160.1 365.59 385.5
003851 0.791 168.03 331.39 365.83 498.71
003851 0.757 0.36 373.54 54.68 459.99
003851 0.896 133.31 378.98 172.91 457.08
003867 0.774 165.78 211.8 308.09 352.8
003968 0.169 5.41 341.71 474.06 489
003976 0.737 68.37 288.09 265.25 479.79
003999 0.58 0 21.39 499.0 350.09
003999 0.051 0 115.25 498.3 375
004101 0.955 1.04 132.87 56.24 280.16
004101 0.301 0 167.12 96.25 372.85
004101 0.238 44.42 119.89 130.53 243.03
004208 0.28 205.26 132.7 252.06 228.73
004330 0.292 293.09 118.44 500 262.0
004344 0.676 108.0 219.06 209.0 385.59
004358 0.176 180.32 380.35 404.12 500
004395 0.87 97.66 140.93 353.66 287.44
004412 0.143 188.95 309.08 479.83 375
004417 0.101 236.07 104.56 292.49 172.93
004417 0.01 117.72 236.9 181.2 327.0
004447 0.284 426.14 181.97 494.39 239.75
004447 0.675 182.04 256.27 360.12 356.37
004480 0.067 0 260.89 334 471.07
004523 0.324 8.94 183.13 90.28 229.93
004534 0.956 358.23 195.71 398.27 232.43
004547 0.334 268.38 227.9 373.98 375
004637 0.295 266.87 181.9 374.03 297.34
004637 0.858 0 98.23 125.76 164.92
004703 0.44 179.58 188.34 353.28 419.22
004763 0.24 152.63 358.8 394.55 375
004765 0.174 11.98 247.95 239.34 498.12
004769 0.239 210.5 178.39 500 375
004811 0.692 109.9 183.97 375 366.13
004835 0.286 0 295.19 403.79 333
004835 0.061 298.47 179.91 500 333
004847 0.028 57.09 0 276.39 262.7
004904 0.168 425.63 179.92 500 276.52
004904 0.329 82.54 151.79 261.54 265.19
004930 0.512 0 272.24 327.18 333
005000 0.278 89.08 155.37 366.38 375
005031 0.906 256.02 94.68 384.64 221.12
005031 0.266 51.0 129.79 209.1 291.36
005048 0.6 159.28 0 364.02 308.32
005098 0.12 27.11 200.87 375 489.53
005119 0.09 111.7 159.17 486.8 374
005120 0.022 8.83 228.81 311.47 464.1
005211 0.707 37.43 32.49 450.65 300.33
005232 0.815 231.42 131.64 444.8 280.44
005276 0.87 5.33 105.23 39.43 297.0
005276 0.525 70.08 287.26 267.28 375
005276 0.143 281.11 160.03 357.1 375
005276 0.451 318.36 343.23 399.3 375
005301 0.045 0 40.89 261.66 259.13
005301 0.89 221.86 217.6 331 413.6
005332 0.713 234.11 157.24 262.23 190.35
005480 0.622 129.74 125.13 390.44 405.26
005503 0.001 44.89 73.73 466.06 364.13
005503 0.852 369.61 288.8 500 375
005516 0.75 2.63 31.86 418.63 360.46
005540 0.67 24.55 135.9 215.35 278.7
005540 0.195 274.02 132.82 500 276.67
005540 0.465 217.75 150.91 438.55 281.91
005540 0.864 136.96 122.2 352.0 259.19
005560 0.433 237.29 344.8 394.23 375
005561 0.708 150.23 216.68 348.78 452.0
005619 0.32 14.97 0 500 375
005632 0.586 112.33 13.5 354.23 278
005642 0.371 162.38 60.71 382.86 286.95
005683 0.217 57.68 3.21 485.45 337.1
005709 0.477 98.52 296.58 392.39 334
005750 0.031 299.62 221.59 358.18 285.43
005777 0.225 500 331.59 500 333
005777 0.085 13.93 152.73 213.91 316.73
005848 0.713 62.97 188.28 333 430.33
005925 0.968 231.33 232.84 340.37 305.64
005925 0.559 409.67 248.25 500 305.37
006015 0.192 221.68 258.7 271.36 319.67
006032 0.37 113.98 242.11 200.38 307.43
006032 0.349 292.21 251.11 395.89 329.95
006032 0.42 307.39 317.11 411.73 336
006032 0.643 185.58 229.95 250.44 294.56
006113 0.396 374.38 243.12 424.06 310.72
006118 0.155 161.75 158.67 439.43 322.89
006165 0.787 25.78 204.4 239.62 457.36
006192 0.657 178.03 146.33 328.33 302.03
006199 0.641 183.36 181.82 460.02 375
006292 0.789 62.28 192.97 339.72 320.27
006312 0.224 447.9 0 500 91.35
006317 0.309 258.6 221.45 497.6 375
006412 0.187 16.36 76.69 456.8 375
006413 0.885 23.72 177.53 193.0 483.09
006467 0.391 35.06 43.02 500 314.82
006518 0.303 352.29 0 500 287.76
006518 0.567 92.8 27.93 500 323.89
006544 0.392 49.65 300.2 430.35 494.6
006581 0.078 99.47 324.56 239.31 482.12
006581 0.961 153.09 282.27 280.16 451.37
006594 0.964 88.71 126.52 285.61 297.16
006594 0.232 0 188.0 80.51 304.63
006594 0.697 257.97 203.67 329.37 297.4
006594 0.276 73.69 220.13 151.81 264.42
006608 0.292 11.44 47.69 391.4 303.69
006608 0.25 382.65 35.27 500 130.67
006620 0.929 141.43 21.11 221.62 265.7
006701 0.035 100.6 458.64 333 500
006720 0.631 6.46 103.67 216.7 365.47
006737 0.412 249.16 163.68 347.87 333
006775 0.661 193.31 224.89 260.01 333
006831 0.568 23.07 66.81 451.68 355.47
006861 0.725 0 224.89 343.98 335
006885 0.687 250.9 159.91 312.5 203.19
006885 0.121 153.7 186.15 194.65 209.65
006885 0.62 130.05 168.24 159.48 183.28
006885 0.514 3.7 182.51 27.62 198.15
006915 0.491 182.81 29.98 202.34 44.98
006915 0.877 162.81 26.51 193.55 45.32
006942 0.13 69.36 27.49 441.96 333
006975 0.755 0 271.17 106.65 333
006993 0.904 68.18 31.5 431.02 311.43
007005 0.367 36.05 218.1 236.77 435.65
007005 0.338 302.21 441.06 333 500
007010 0.113 90.73 100.15 400.6 375
007013 0.16 247.62 73.1 382.45 324.62
007013 0.474 320.93 132.78 386.21 333
007030 0.917 24.32 200.74 190.74 301.02
007115 0.989 17.55 108.72 333 500
007124 0.518 71.02 238.37 184.51 500
007131 0.42 38.5 0 308.5 500
007137 0.757 382.6 112.78 481.96 191.08
007137 0.082 271.11 112.39 425.95 227.53
007160 0.765 3.96 106.21 330 487.89
007171 0.859 204.29 112.59 345.77 333
007171 0.933 343.25 102.76 500 323.24
007186 0.089 205.59 125.43 263.16 163.05
007186 0.841 166.05 161.03 252.72 244.67
007232 0.791 29.74 251.63 90.06 358.69
007235 0.192 125.6 101.31 339.45 261.47
007309 0.634 0 0 163.5 358.02
007320 0.347 153.05 339.18 248.93 483.24
007324 0.687 103.38 224.85 428.66 348.15
007324 0.715 210.03 266.33 500 375
007342 0.137 150.6 213.62 194.16 278.9
007345 0.079 77.94 156.12 139.88 263.92
007371 0.977 12.95 202.48 246.38 333
007447 0.275 120.41 204.77 198.31 273.02
007447 0.606 203.75 213.19 277.19 289.41
007447 0.505 278.38 207.7 334.0 261.39
007529 0.661 17.26 274.47 303.96 500
007541 0.919 140.08 138.0 416.82 353
007607 0.463 77.97 273.05 375 468.75
007610 0.559 170.29 231.57 183.17 268.88
007627 0.082 35.62 186.97 158.02 375
007646 0.511 252.15 160.98 418.4 314.68
007658 0.575 163.57 161.59 336.82 362.5
007658 0.187 293.67 182.84 478.29 375
007665 0.97 36.33 79.6 62.07 115.0
007710 0.083 15.39 238.19 116.19 322.82
007710 0.732 412.7 271.33 500 375
007725 0.469 137.58 217.82 360.14 360.62
007860 0.766 70.56 180.45 308.64 372.95
007918 0.763 0 307.18 43.31 360
007918 0.075 399.13 218.25 442.84 256.79
007937 0.589 391.48 82.53 427.48 139.09
008007 0.49 160.19 3.46 477.98 289.9
008046 0.976 159.66 229.57 315.49 354.65
008046 0.924 246.76 234.22 300.22 292.17
008046 0.501 202.02 224.81 269.02 258.13
008046 0.806 82.8 222.71 171.2 293.01
008046 0.816 1.2 264.15 12.42 315.56
008074 0.154 47.3 249.15 311.25 437.01
008128 0.421 71.54 104.8 317.06 324.22
008221 0.284 19.39 16.56 481.6 375
008255 0.473 166.39 320.53 384 470.47
008255 0.701 37.37 206.18 220.75 423.98
008362 0.473 381.0 8.0 500 149.4
008362 0.96 293.02 259.13 412.92 334
008367 0.3 38.97 43.04 120.45 95.56
008367 0.429 342.09 111.16 409.41 167.8
008367 0.1 444.19 53.58 475.47 142.03
008367 0.759 183.78 217.01 347.71 310.13
008367 0.016 372.28 375 500 375
008401 0.675 250.79 99.47 384.56 265.79
008406 0.545 431.61 312.16 458.61 321.52
008464 0.129 440.0 303.32 469.1 314.32
008507 0.25 0 0 473.1 375
008507 0.323 225.72 346.71 380.5 373.71
008511 0.404 0 6.24 446.2 310.25
008515 0.503 35.97 142.26 211.75 244.98
008540 0.634 165.05 24.57 422.09 296.89
008540 0.405 0 0 195.03 287.64
008551 0.556 0 124.85 105.06 264.99
008551 0.379 0 163.06 386.42 355.57
008560 0.672 29.29 197.27 47.29 223.87
008566 0.687 0 13.71 136.67 160.12
008666 0.974 215.28 0 375 399.62
008673 0.141 39.77 107.7 101.25 241.26
008735 0.979 330.28 268.52 392.9 314.72
008735 0.562 0 273.83 54.5 320.18
008745 0.069 28.84 211.26 133.7 315.22
008745 0.336 212.46 249.88 307.51 375
008765 0.112 256.62 229.01 449.82 344.63
008765 0.984 164.16 208.55 335.36 298.64
008765 0.005 99.98 151.94 226.47 268.1
008839 0.585 469.26 307.15 500 333
008895 0.176 123.35 288.31 235.7 373
009028 0.436 173.74 90.45 373.66 316.23
009115 0.351 146.65 127.29 360.89 284.73
009135 0.559 47.88 76.37 407.44 287.97
009198 0.41 0 31.43 452.76 403
009228 0.57 293.0 163.69 392.0 354
009237 0.782 267.94 136.4 313.54 153.32
009237 0.276 226.7 195.75 273.16 332.0
009237 0.953 104.88 298.31 173.88 441.87
009258 0.703 45.39 164.28 300.12 500
009280 0.346 20.32 0 500 301.21
009305 0.561 87.7 57.41 438.7 281.89
009355 0.73 5.34 27.77 418.0 278.75
009370 0.845 42.68 201.62 227.9 356.47
009447 0.792 74.6 41.37 407.24 255.57
009493 0.436 245.37 197.46 500 375
009509 0.137 273.51 35.45 477.45 176.03
009534 0.956 323.37 255.5 439.53 334
009534 0.495 62.72 231.36 161.3 298.0
009559 0.002 337.89 158.55 468.57 253.95
009559 0.631 29.34 96.69 150.18 158.07
009564 0.133 115.52 230.63 224.52 332.48
009677 0.226 67.86 0 413.94 317.9
009725 0.858 0 222.74 136.25 348.2
009730 0.973 432.01 0 500 227.46
009752 0.073 136.22 157.75 381.74 375
009788 0.879 69.58 38.35 472.84 329.85
009866 0.989 47.64 99.8 454.21 319.28
009948 0.925 7.12 295.89 317.15 500
009953 0.65 154.14 366.75 500 375
