000040 0.864 32.02 34.15 434.17 288.81
000057 0.196 112.34 61.54 366.86 336.04
000068 0.135 7.4 40.71 241.62 341.01
000106 0.909 168.66 98.03 348.18 260.27
000115 0.77 14.04 223.36 272.34 428.28
000127 0.323 343.25 154.76 423.35 227.44
000127 0.427 222.72 214.36 341.76 346.84
000127 0.116 230.69 219.53 342.96 328.71
000127 0.444 174.33 233.75 228.27 375
000148 0.682 143.69 116.2 497.73 322.2
000186 0.935 45.57 69.03 294.17 366.38
000199 0.982 0 87.59 240.8 329
000274 0.051 47.57 101.62 409.15 310.71
000309 0.349 108.96 158.99 313.56 299.79
000326 0.714 192.71 87.1 289.17 218.2
000357 0.379 9.69 13.43 500 350.68
000383 0.761 91.39 75.19 448.77 375
000383 0.748 0 1.27 127.8 322.87
000426 0.497 159.99 178.38 271.17 258.57
000436 0.483 25.92 133.26 337.77 271.5
000466 0.481 237.5 115.24 339.47 283.1
000472 0.598 3.66 40.2 429.9 366.2
000495 0.964 102.82 25.5 428.42 255.5
000557 0.843 48.68 131.47 168.16 210.97
000561 0.959 136.87 140.43 291.25 483.87
000561 0.524 32.94 0 177.14 369.6
000568 0.057 103.84 58.23 383.13 250.5
000569 0.445 50.42 25.21 418.7 332.93
000681 0.685 126.64 120.69 245.64 218.66
000708 0.176 358.37 186.53 489.03 359.51
000737 0.299 104.69 234.02 131.73 282.53
000773 0.245 7.16 62.09 420.76 375
000821 0.048 77.56 51.41 357.56 181.97
000838 0.555 343.35 10.22 500 342.06
000852 0.921 246.22 7.05 462.36 108.05
000852 0.273 272.52 90.57 486.6 151.57
000852 0.903 0 42.18 169.85 122.82
000852 0.797 112.02 80.8 296.16 219.04
000852 0.694 11.41 112.45 204.44 206.55
000960 0.504 101.25 121.16 200.25 274.16
000960 0.683 341.36 108.19 458.52 232.39
000960 0.738 205.61 283.83 354.85 376.75
000960 0.177 78.25 286.99 214.75 366.3
000960 0.718 347.53 307.6 461.77 387.52
000960 0.374 346.75 302.9 392.25 344.76
000960 0.336 14.38 42.3 125.98 85.54
000960 0.917 12.61 168.99 106.57 272.78
001006 0.97 147.98 199.22 257.86 350.74
001051 0.568 226.9 106.09 326.9 304.18
001122 0.058 76.17 0 322.78 499
001181 0.41 104.07 97.93 284.9 268.07
001196 0.101 102.79 137.72 299.79 421.92
001235 0.688 134.22 127.91 203.04 266.15
001235 0.402 227.6 197.25 310.4 295.53
001262 0.102 22.56 55.55 353.28 372.68
001275 0.47 176.69 111.21 247.5 251.61
001275 0.75 322.5 208.24 398.82 276.14
001275 0.152 210.05 137.19 279.35 211.89
001275 0.309 284.73 202.57 334.51 282.43
001275 0.354 91.94 168.73 128.24 233.21
001275 0.124 110.0 167.76 133.28 211.76
001275 0.578 97.83 101.61 117.96 167.37
001275 0.902 62.93 112.78 82.46 151.26
001275 0.104 14.31 122.91 38.51 158.4
001275 0.747 7.08 90.84 29.13 117.84
001275 0.413 24.48 83.96 54.72 120.44
001275 0.67 93.7 93.61 116.17 134.35
001275 0.959 111.42 75.33 138.2 108.09
001275 0.289 139.08 80.15 157.44 116.04
001275 0.591 177.84 72.6 196.2 111.3
001275 0.827 250.13 81.22 278.69 129.22
001275 0.983 258.7 105.21 275.8 141.59
001275 0.361 298.44 97.08 323.05 135.08
001275 0.342 321.25 127.65 342.85 165.65
001275 0.412 319.35 111.12 338.73 140.12
001275 0.666 253.72 126.8 297.15 168.6
001275 0.136 398.1 108.92 418.34 152.04
001275 0.404 374.34 150.34 401.9 198.49
001275 0.275 378.03 110.99 387.04 156.49
001275 0.738 425.76 140.23 447.1 173.35
001275 0.887 464.53 151.08 497.53 204.12
001275 0.199 315.11 118.05 356.76 188.01
001275 0.646 203.91 75.28 237.51 109.93
001275 0.189 483.71 243.95 500 271.45
001275 0.464 438.63 172.18 475.38 201.94
001275 0.736 320.95 161.36 341.85 201.4
001275 0.478 326.83 95.62 355.83 124.24
001399 0.641 122.99 208.1 175.19 245.9
001399 0.812 186.16 190.12 245.68 236.02
001415 0.562 360.59 256.47 413.12 305.23
001425 0.769 211.68 176.44 386.68 305.76
001440 0.126 53.94 68.3 428.12 279.09
001508 0.814 360.25 204.06 373.55 223.82
001508 0.173 233.74 231.35 256.84 261.05
001508 0.947 293.5 196.57 310.3 212.89
001508 0.158 189.46 218.67 215.22 237.48
001508 0.244 114.66 201.28 138.18 226.24
001508 0.566 30.18 439.37 47.66 455.01
001508 0.798 24.25 451.6 39.77 472.6
001530 0.743 0 31.56 500 298.52
001637 0.022 151.48 67.97 232.06 120.44
001681 0.998 278.82 161.32 429.69 239.52
001681 0.197 129.09 212.54 264.45 289.98
001687 0.101 174.28 115.81 270.88 231.35
001687 0.922 120.84 303.33 302.01 500
001719 0.468 241.0 4.94 500 154.18
001745 0.049 452.11 81.61 481.55 140.51
001745 0.051 370.92 134.6 393.6 171.8
001745 0.689 303.48 85.26 339.0 141.66
001745 0.278 281.98 102.38 309.25 135.71
001745 0.449 214.2 125.16 254.15 201.6
001745 0.676 191.16 118.63 219.58 160.43
001745 0.972 104.33 138.69 133.91 183.34
001745 0.759 58.01 144.75 88.31 192.0
001910 0.425 0 11.22 455.7 334
001926 0.283 257.94 76.95 426.24 309.71
001926 0.087 108.42 70.1 217.23 312.99
001959 0.644 180.38 47.56 460.99 297.94
001967 0.673 127.63 79.72 219.63 240.72
001997 0.168 144.5 131.56 262.0 364.31
002028 0.714 247.52 214.12 320.06 254.68
002028 0.052 357.92 243.85 391.71 268.29
002044 0.684 203.26 142.0 323.23 272.8
002075 0.925 221.93 62.13 440.29 195.99
002103 0.613 42.52 111.29 280.18 261.05
002144 0.172 0 103.41 295.45 233.12
002144 0.974 365.63 217.93 394.19 270.31
002144 0.012 151.52 31.67 169.7 62.7
002144 0.707 44.99 276.16 82.79 359.32
002309 0.974 69.47 36.65 432.21 296.09
002316 0.021 95.54 51.25 376.73 409.33
002336 0.161 216.12 40.62 500 184.62
002336 0.4 7.75 189.75 192.86 365.25
002380 0.551 123.29 128.56 284.66 333
002400 0.651 0 31.72 309.06 500
002412 0.811 275.27 179.63 304.41 217.46
002412 0.979 224.62 235.98 264.57 270.01
002431 0.424 171.0 147.88 318.66 232.03
002432 0.886 95.07 231.73 233.67 335.28
002486 0.151 4.81 124.98 56.17 169.14
002486 0.743 111.84 89.0 181.14 132.6
002486 0.326 155.29 114.27 236.66 157.83
002486 0.372 230.08 103.21 300.16 145.01
002486 0.661 445.04 103.85 500 150.93
002486 0.876 309.21 145.48 401.87 199.54
002486 0.082 116.47 153.87 220.35 221.45
002630 0.747 70.93 33.94 262.93 335
002630 0.234 281.52 150.33 487.26 335
002630 0.391 492.96 61.65 500 142.99
002672 0.434 43.56 60.41 406.89 359.87
002685 0.823 267.59 101.98 326.15 191.26
002685 0.46 201.06 74.2 236.37 115.93
002685 0.486 182.85 85.42 266.78 169.97
002685 0.534 355.37 76.77 420.03 172.17
002685 0.711 415.76 167.95 494.54 298.61
002685 0.397 146.55 62.23 173.3 99.13
002685 0.84 42.92 52.35 68.36 106.85
002685 0.666 75.22 175.28 303.48 375
002685 0.203 0 131.8 124.0 274.59
002685 0.752 28.16 115.89 150.14 177.84
002685 0.842 0.58 103.55 70.58 140.6
002825 0.679 25.94 94.2 373.76 325.77
002861 0.389 0 0 315.84 435.22
002892 0.153 158.81 194.6 240.29 256.48
002922 0.307 277.51 360.94 318.46 441.28
002968 0.521 223.24 116.19 453.64 198.84
002980 0.981 80.2 0 482 480.2
002996 0.294 100.4 49.81 171.02 118.93
002996 0.55 321.2 62.48 365.92 114.0
002996 0.143 342.23 4.87 425.69 146.77
002996 0.081 219.9 150.24 270.4 213.03
002996 0.281 79.09 193.48 125.62 250.48
002996 0.495 5.01 311.96 144.17 341.36
002996 0.992 71.02 298.14 127.26 382.7
002996 0.978 196.16 282.61 244.56 352.31
002996 0.762 349.7 295.33 366.44 318.43
002996 0.894 231.12 313.78 332.0 350.26
002996 0.934 402.91 219.97 479.35 289.73
003050 0.869 429.11 260.51 497.19 337.46
003148 0.526 276.11 130.39 331.75 245.93
003148 0.934 221.28 222.1 405.28 375
003148 0.156 229.86 326.16 367.86 375
003148 0.241 311.91 115.45 424.23 208.45
003148 0.87 0 190.84 114.66 299.88
003148 0.909 42.09 101.49 173.41 222.24
003148 0.765 350.74 84.86 452.66 208.0
003267 0.792 0 219.74 500 333
003315 0.698 20.43 20.0 293.07 357
003315 0.092 202.87 231.08 400.63 324.81
003315 0.619 336.06 172.44 485.1 351.75
003315 0.73 397.29 142.55 500 260.87
003402 0.629 132.4 153.94 214.9 234.58
003402 0.221 255.13 174.78 352.09 255.44
003432 0.161 267.0 121.0 301.2 231.0
003432 0.984 186.31 191.42 230.41 317.78
003467 0.857 0 86.52 450.0 333
003514 0.667 177.82 19.4 394.73 375
003514 0.537 240.07 0 426.33 375
003535 0.196 0 72.78 295.0 274.18
003598 0.091 67.15 1.12 282.97 125.92
003598 0.369 0 182.07 86.24 375
003598 0.634 14.48 266.61 83.6 375
003598 0.886 95.52 105.34 299.36 266.46
003598 0.272 164.01 266.9 341.03 375
003598 0.885 107.13 61.39 500 375
003598 0.985 305.72 44.49 419.57 135.4
003619 0.049 141.68 199.07 219.58 308.27
003619 0.652 236.68 78.94 308.68 143.83
003682 0.752 346.67 143.08 409.29 196.54
003682 0.581 24.16 158.14 157.16 246.5
003741 0.07 15.16 359.0 140.4 443.56
003787 0.653 139.89 204.61 163.81 229.96
003822 0.711 60.75 27.56 421.75 500
003850 0.82 155.09 151.35 441.76 372.8
003896 0.373 368.69 43.35 438.0 117.19
003896 0.404 412.18 268.91 453.76 293.29
003896 0.523 324.92 314.49 367.04 333.73
003896 0.81 314.04 275.59 327.56 288.19
003896 0.475 280.78 246.62 293.0 264.6
003896 0.621 422.74 273.33 467.36 306.03
003896 0.517 36.31 271.46 52.63 305.78
003896 0.25 12.05 333.26 39.05 375.12
003896 0.133 60.8 359.2 121.84 404.77
003896 0.07 193.93 351.14 244.89 413.54
003896 0.223 278.93 332.62 315.93 361.04
003896 0.245 292.78 362.37 310.07 398.63
003896 0.922 292.49 341.14 350.73 374.12
003896 0.201 339.35 356.14 413.05 410.46
003896 0.805 336.09 361.38 370.04 398.62
003896 0.87 398.72 345.74 456.32 409.74
003896 0.457 385.65 382.94 431.57 436.05
003896 0.494 444.1 349.75 475.1 374.59
003896 0.887 410.92 332.28 451.4 369.9
003896 0.169 393.86 376.11 467.98 417.84
003985 0.456 275.75 206.66 319.25 275.63
004018 0.764 20.34 117.88 349.04 333
004036 0.104 33.08 73.79 301.08 251.98
004059 0.7 180.09 193.63 211.11 267.63
004059 0.008 218.82 164.3 251.46 218.2
004059 0.07 184.36 133.58 229.93 195.06
004059 0.417 207.32 160.46 259.47 200.36
004059 0.551 257.04 198.22 343.44 256.22
004059 0.775 219.62 44.62 246.88 74.3
004059 0.054 253.06 48.15 275.14 84.19
004059 0.244 289.42 78.7 308.68 116.14
004059 0.98 302.37 58.6 332.45 90.6
004083 0.987 333.57 66.53 500 369.34
004083 0.031 55.22 34.74 500 343.2
004176 0.707 2.67 138.48 302.91 484.28
004206 0.141 21.78 47.19 372.74 377.91
004218 0.562 2.33 198.95 71.01 242.38
004218 0.221 145.23 193.34 200.88 235.14
004218 0.383 102.04 189.74 146.84 241.88
004218 0.514 88.19 178.22 132.06 217.61
004218 0.124 13.32 177.18 41.13 196.78
004218 0.409 216.92 222.64 237.8 293.13
004218 0.37 202.78 144.88 230.5 159.43
004218 0.87 318.92 186.03 333.32 220.05
004251 0.199 257.62 118.44 443.88 238.5
004282 0.399 85.35 79.28 444.15 361.55
004340 0.583 215.62 165.93 382.82 328.93
004340 0.597 169.34 224.95 351.74 361.19
004340 0.282 60.04 103.0 232.7 285.52
004340 0.636 196.18 73.16 253.18 148.04
004350 0.42 197.96 95.76 345.16 281.88
004362 0.698 225.37 188.32 354.64 447.52
004362 0.138 0 44.22 219.0 303.57
004373 0.7 342.76 151.57 497.96 228.82
004373 0.014 361.48 178.87 453.28 222.42
004373 0.724 83.13 173.48 309.57 231.98
004373 0.164 235.9 159.6 293.64 200.0
004373 0.402 113.51 211.86 224.39 296.52
004373 0.698 16.44 250.91 118.56 331.82
004383 0.223 104.02 86.12 315.11 332
004394 0.787 269.68 101.99 378.88 244.07
004400 0.525 117.74 29.98 411.36 375
004403 0.97 174.35 12.35 336.05 270.65
004406 0.946 147.69 71.1 500 212.1
004413 0.132 0 251.25 338.64 333
004415 0.126 0 87.99 500 212.95
004416 0.482 88.85 129.89 388.37 302.85
004425 0.495 89.01 46.67 325.48 405.35
004443 0.551 374.94 176.81 432.51 229.06
004443 0.561 217.72 133.86 258.57 208.32
004460 0.386 0 0 391.5 364.56
004461 0.081 11.94 28.94 487.65 305.3
004462 0.592 362.61 149.97 447.66 245.01
004462 0.614 213.72 90.14 290.08 165.35
004462 0.473 119.28 56.09 160.56 88.43
004462 0.042 450.41 76.29 491.81 117.69
004462 0.392 276.74 235.27 354.14 374.86
004462 0.379 196.99 67.7 223.77 132.5
004462 0.003 172.56 50.56 204.66 85.91
004503 0.461 141.54 50.92 436.86 267.08
004513 0.707 238.35 164.46 264.61 179.76
004529 0.88 233.31 33.6 457.44 193.4
004531 0.175 0 360.68 377.72 395
004550 0.456 170.74 128.84 270.7 226.94
004583 0.83 302.08 194.75 332.68 278.05
004614 0.031 151.56 141.44 308.88 275.21
004635 0.11 161.11 199.4 213.05 245.4
004678 0.887 209.92 213.89 500 357
004678 0.061 10.58 78.68 341.21 339.61
004730 0.814 226.45 0 496.99 164.3
004757 0.476 54.03 44.97 119.95 101.68
004757 0.333 292.02 103.2 438.3 309.06
004798 0.188 36.65 43.58 458.05 333
004829 0.705 7.92 0 251.12 500
004861 0.689 92.92 53.88 314.41 500
004875 0.643 20.21 0 412.91 375
004877 0.203 201.44 0 500 201.96
004909 0.188 156.87 58.86 294.67 455.96
004915 0.993 26.41 142.58 434 500
004915 0.739 34.67 232.84 229.64 420.94
004949 0.153 33.15 281.64 98.8 367.2
004949 0.361 128.21 86.83 224.06 170.25
004949 0.114 212.25 196.31 281.83 288.46
004949 0.295 298.07 309.9 374 405.82
004949 0.857 0 219.89 46.08 290.09
005015 0.149 55.47 157.2 344.85 255.2
005074 0.692 418.63 258.37 467.92 299.07
005075 0.619 205.24 500 332 500
005113 0.175 223.88 131.26 322.86 222.93
005113 0.649 140.8 172.7 176.9 200.78
005115 0.342 136.75 35.14 410.45 375
005167 0.378 239.7 171.25 268.26 217.71
005207 0.499 141.06 211.57 386 500
005247 0.506 87.02 151.96 385.5 375
005282 0.62 0 53.86 500 314.98
005289 0.912 418.73 161.01 478.73 323.75
005289 0.306 99.2 136.34 182.04 304.33
005364 0.301 94.09 56.56 312.45 500
005403 0.441 136.09 126.53 273.17 202.83
005472 0.343 134.31 167.9 376.86 305.18
005495 0.723 116.11 86.72 305.05 441.92
005502 0.301 185.47 124.98 242.03 301.38
005502 0.175 223.77 139.62 270.23 298.98
005502 0.929 250.28 154.08 317.28 350.43
005532 0.693 148.0 193.96 302.02 278.76
005532 0.186 315.09 148.03 382.19 220.93
005532 0.623 0.67 124.1 17.02 167.3
005532 0.72 461.95 290.62 500 370.96
005532 0.615 242.86 119.43 293.08 182.79
005532 0.917 173.87 153.0 244.07 266.61
005532 0.505 454.32 95.68 473.68 119.48
005532 0.71 252.08 98.71 278.24 115.99
005634 0.711 148.88 179.28 214.88 236.16
005667 0.527 109.16 189.56 500 314.9
005667 0.637 250.44 104.96 323.76 142.96
005667 0.081 245.06 139.58 264.59 172.22
005667 0.701 456.84 151.5 484.84 183.69
005667 0.466 420.81 141.43 452.13 175.03
005667 0.323 402.89 131.7 426.81 154.2
005667 0.198 402.67 92.25 431.51 117.45
005667 0.951 132.35 50.38 185.35 77.06
005667 0.001 248.38 61.79 280.18 89.99
005667 0.819 7.04 252.36 178.76 323.64
005681 0.249 18.45 58.42 424.35 359.38
005772 0.796 94.54 114.8 285.0 373.8
005802 0.162 0 0 303.88 234.36
005833 0.218 229.68 160.51 270.27 217.21
005833 0.257 320.9 156.8 375.42 204.32
005846 0.83 163.29 131.76 314.16 365.04
005883 0.082 270.61 26.1 346.05 110.7
005883 0.364 52.81 87.81 151.61 201.66
005883 0.528 93.11 298.63 314.3 454.43
005883 0.861 105.1 174.12 260.97 310.37
005883 0.075 130.38 157.84 188.16 269.14
005883 0.256 241.67 129.41 355.97 242.77
005883 0.694 256.36 196.95 364.84 320.71
005883 0.931 202.84 157.28 259.1 241.91
005883 0.311 22.94 193.36 182.79 389.01
005883 0.739 365.41 59.97 375 78.87
006053 0.782 0 327.87 200.1 500
006054 0.322 160.39 225.97 299.91 333
006054 0.95 241.66 135.69 291.06 279.51
006054 0.418 78.26 263.92 181.28 333
006054 0.151 485.87 304.8 500 333
006076 0.494 110.89 253.77 215.83 328.39
006102 0.075 154.28 148.68 312.68 225.93
006132 0.639 343.8 0 500 333
006132 0.498 30.63 50.33 258.33 333
006157 0.036 130.97 122.91 272.21 307.35
006244 0.386 237.06 109.6 328.86 187.12
006268 0.046 52.29 130.88 231.63 342.92
006342 0.569 36.36 40.94 297.95 174.5
006379 0.863 224.73 116.17 419.1 282.7
006379 0.817 76.54 155.37 319.64 274.09
006379 0.337 119.74 86.07 204.68 209.31
006490 0.721 78.09 310.73 106.8 333.04
006508 0.714 112.44 201.4 267.84 271.15
006508 0.992 127.47 198.0 253.82 273.21
006508 0.348 21.96 105.38 63.24 135.08
006508 0.196 27.57 114.61 86.85 152.75
006535 0.69 69.66 0 144.03 453.6
006535 0.296 211.2 219.32 294.0 416.92
006582 0.194 0 0 417.64 367.64
006639 0.337 66.94 63.66 309.46 220.21
006640 0.316 18.69 29.55 183.47 460.23
006640 0.932 184.08 22.84 296.61 500
006642 0.569 68.41 212.58 261.93 271.44
006650 0.969 201.04 128.78 352.04 298.52
006683 0.89 24.74 0 369.14 337.92
006716 0.231 274.53 150.53 447.51 276.89
006716 0.554 177.26 122.96 339.18 244.5
006716 0.254 73.67 158.13 178.76 293.79
006778 0.865 181.47 22.6 289.11 345.02
006778 0.365 102.78 303.52 226.53 375
006812 0.025 53.29 18.79 338.87 351.43
006812 0.566 146.24 51.3 394.47 194.75
006834 0.362 224.09 47.04 457 361.0
006851 0.074 95.53 122.59 105.13 141.02
006851 0.673 84.02 149.16 93.42 172.7
006927 0.196 275.37 138.36 465.25 375
006929 0.428 99.37 96.31 285.61 312.13
006967 0.16 73.89 129.66 121.95 288.28
007000 0.998 260.86 210.06 346.4 314.02
007047 0.376 17.72 140.73 263.13 500
007051 0.927 94.7 283.65 123.05 341.25
007087 0.99 135.9 161.09 286.39 249.83
007102 0.776 213.09 170.18 391.73 375
007188 0.106 236.06 133.8 368.54 256.52
007198 0.817 28.74 179.44 81.66 274.3
007198 0.07 25.56 261.58 105.36 318.78
007198 0.189 476.26 133.13 500 155.21
007198 0.802 496.23 78.83 500 124.83
007201 0.586 161.96 98.68 288.46 311.62
007239 0.752 68.92 54.12 436.0 229.12
007269 0.317 192.52 172.46 463.69 268.98
007269 0.591 233.47 135.89 431.23 209.15
007269 0.752 144.16 70.61 293.54 143.76
007317 0.614 72.63 166.15 293.11 324.15
007326 0.231 140.98 78.89 341.62 198.23
007340 0.329 25.81 55.76 297.37 453.38
007397 0.21 230.43 175.38 249.24 202.12
007397 0.12 92.35 207.61 129.1 225.61
007397 0.428 18.82 370.15 41.5 404.71
007397 0.729 137.33 435.62 172.53 482.62
007397 0.087 300.08 293.72 310.72 323.15
007407 0.331 143.7 131.45 394.62 238.55
007426 0.195 0 59.59 225.09 333
007426 0.876 2.16 145.99 49.03 333
007462 0.068 2.11 156.29 46.66 212.45
007476 0.976 250.14 13.56 391.62 128.24
007505 0.908 140.79 21.05 250.13 199.55
007512 0.388 0 110.48 88.0 187.28
007512 0.405 291.35 130.38 393.2 292.36
007539 0.391 500 15.22 500 348.1
007545 0.38 226.12 229.76 312.52 283.91
007557 0.335 170.28 87.54 213.08 173.87
007604 0.045 247.37 59.37 422.01 143.97
007608 0.454 236.46 131.32 287.22 236.41
007630 0.065 143.11 33.2 365.11 378.25
007641 0.187 304.44 162.79 333 198.43
007641 0.014 157.49 0 266.99 57.96
007641 0.994 87.65 118.5 149.03 174.6
007641 0.166 104.06 215.35 171.38 284.65
007641 0.927 87.53 263.26 141.99 319.42
007681 0.366 78.5 104.72 448.44 349.72
007707 0.9 28.01 150.9 128.11 281.1
007707 0.215 145.99 157.85 175.99 210.85
007707 0.224 126.76 175.49 201.66 271.95
007707 0.839 173.72 205.07 286.04 324.77
007730 0.387 0 100.14 193.0 360
007741 0.378 45.44 255.16 66.78 288.06
007741 0.37 156.85 232.56 175.39 257.76
007741 0.443 89.5 124.22 118.3 152.5
007741 0.182 66.48 108.77 100.14 123.07
007741 0.908 212.11 82.31 275.71 140.12
007741 0.259 149.87 143.9 193.13 189.5
007741 0.029 117.26 133.21 212.26 203.28
007741 0.675 207.2 152.19 339.2 225.88
007741 0.279 357.06 147.72 395.22 171.22
007741 0.912 251.62 173.5 298.54 199.25
007741 0.537 279.46 145.5 293.6 170.11
007741 0.96 400.5 66.55 421.5 79.16
007741 0.808 320.84 63.16 340.16 75.76
007741 0.584 309.58 75.78 337.92 91.62
007741 0.312 208.04 79.65 233.52 97.84
007741 0.848 19.6 62.37 38.2 77.49
007741 0.747 438.78 71.21 452.22 79.85
007741 0.891 419.11 78.28 433.39 89.83
007741 0.65 206.74 64.74 222.42 75.41
007741 0.918 184.39 60.07 199.37 70.96
007741 0.157 47.61 57.78 63.13 68.45
007741 0.548 100.33 55.0 116.08 66.7
007741 0.739 344.2 108.8 354.3 122.1
007893 0.027 383.48 285.0 470.0 364.8
007922 0.036 106.28 305.23 175.99 356.82
007934 0.608 50.32 140.07 333.56 363.28
007936 0.944 0 12.32 458.54 433.37
008000 0.964 146.71 98.78 169.59 151.58
008000 0.131 109.48 239.18 142.46 288.32
008015 0.045 198.72 97.59 297.52 262.2
008028 0.718 268.95 180.93 362.04 251.77
008028 0.714 86.4 130.9 243.54 264.22
008066 0.579 262.78 0 403.39 232.19
008097 0.194 155.6 52.0 350.42 327.1
008118 0.564 95.82 164.11 288.42 265.76
008118 0.832 283.7 168.88 482.04 272.62
008123 0.426 322.75 109.6 377.82 146.4
008148 0.235 139.95 57.38 399.03 369.51
008193 0.41 176.38 91.2 368.88 205.2
008214 0.975 103.54 133.15 362.04 300.47
008243 0.87 136.24 500 328 500
008305 0.153 161.53 94.85 475.48 240.35
008348 0.399 131.31 30.56 328.95 189.86
008371 0.169 25.52 23.36 438.35 256.11
008393 0.593 7.2 6.19 227.97 104.77
008393 0.586 62.84 52.03 299.28 375
008393 0.099 120.14 0 482.48 152.36
008393 0.256 219.57 145.41 500 340.71
008480 0.038 121.9 74.53 220.34 144.08
008508 0.211 0 0 350 500
008565 0.988 55.09 141.72 176.63 463.48
008589 0.301 173.81 89.96 336.7 196.96
008590 0.263 446.16 228.43 488.56 257.72
008590 0.312 106.42 229.65 131.18 244.49
008590 0.047 200.02 230.83 219.02 244.35
008590 0.993 181.06 221.41 208.33 233.05
008590 0.463 256.45 222.22 278.92 237.42
008590 0.121 284.5 221.33 299.35 235.89
008631 0.898 331.06 147.38 375.7 184.82
008640 0.662 36.53 37.78 186.88 223.62
008662 0.107 150.84 78.52 267.32 323.96
008746 0.587 217.45 308.82 358.63 375
008746 0.32 200.26 86.79 382.96 258.99
008746 0.075 136.03 72.19 201.75 218.66
008746 0.966 50.38 54.22 112.78 249.74
008780 0.245 388.65 122.94 422.13 214.14
008780 0.734 419.76 39.16 439.16 61.21
008780 0.422 391.34 27.12 406.38 52.32
008780 0.732 327.11 12.1 344.59 37.91
008780 0.411 329.33 6.25 342.29 25.69
008832 0.273 217.04 166.79 292.23 262.58
008842 0.0 209.02 103.04 274.94 157.49
008870 0.782 119.82 136.02 398.02 333
008934 0.979 31.24 78.23 219.42 341.85
008937 0.671 205.71 95.05 311.79 321.89
008956 0.855 153.46 14.57 344.82 333
008959 0.245 20.07 70.99 412.77 375
008981 0.373 130.13 78.59 374.85 337.79
008984 0.355 149.87 280.53 198.66 390.05
008984 0.527 216.61 468.7 274.85 500
009054 0.272 81.12 308.05 215.04 371.19
009088 0.504 188.41 24.95 423.93 375
009093 0.941 83.34 65.97 484.02 264.96
009102 0.411 301.9 160.11 361.64 213.67
009104 0.752 257.76 85.72 338.34 238.66
009146 0.345 150.1 90.95 343.9 339.59
009158 0.391 313.32 102.15 500 375
009232 0.864 54.45 0 195.57 375
009266 0.222 111.92 29.23 467.9 364.93
009300 0.038 58.01 155.38 170.28 349.78
009300 0.129 183.4 80.58 300.92 281.98
009390 0.873 21.6 44.03 429.6 333
009395 0.643 24.55 225.19 186.69 269.59
009453 0.298 15.81 163.24 391.05 375
009467 0.416 78.6 208.72 262.6 354.24
009467 0.977 86.73 44.48 169.54 164.38
009467 0.321 45.07 145.12 152.35 245.08
009607 0.147 113.66 120.78 327.51 275.78
009607 0.479 155.62 196.77 443.47 332.99
009608 0.768 165.03 65.9 284.37 225.74
009616 0.419 72.13 73.79 416.77 263.87
009642 0.791 167.47 180.76 207.97 235.84
009696 0.051 10.06 204.9 62.44 252.4
009716 0.713 97.51 111.26 318.28 310.11
009731 0.857 72.23 78.61 306.83 250.3
009759 0.638 0 87.5 348.3 253.25
009775 0.923 43.42 57.13 168.04 430
009817 0.684 144.81 313.96 348.13 375
009843 0.684 25.91 127.29 214.41 275.77
009893 0.89 130.26 129.85 169.11 200.2
009893 0.148 209.84 129.46 244.04 203.62
009934 0.17 253.76 59.39 330.6 286.76
