000069 0.009 250.25 156.86 500 284.12
000080 0.626 439.73 227.4 455.93 262.05
000080 0.441 396.85 216.18 418.01 302.58
000080 0.031 307.64 229.45 321.55 258.55
000080 0.128 246.3 207.36 271.6 286.56
000080 0.102 188.28 220.18 209.84 280.98
000080 0.209 184.08 192.48 215.52 232.74
000080 0.718 67.21 245.32 106.16 274.46
000080 0.51 23.09 287.93 44.92 318.41
000080 0.722 13.2 240.41 34.62 257.87
000105 0.448 0 0 435.08 291.09
000179 0.734 261.53 421.55 356.59 469.49
000179 0.668 78.52 70.3 305.32 500
000179 0.751 0 449.95 41.85 474.67
000179 0.095 6.62 421.76 85.66 467.3
000179 0.475 223.3 413.98 248.8 458.53
000240 0.202 372.08 156.52 439.23 198.64
000240 0.881 33.23 152.1 51.23 171.29
000240 0.163 0.5 154.4 11.78 171.36
000295 0.998 361.2 193.98 406.98 249.57
000295 0.69 416.07 159.92 438.12 175.73
000350 0.921 100.52 148.08 129.72 185.28
000350 0.646 106.14 163.71 182.11 190.87
000350 0.357 172.28 144.87 260.28 192.83
000371 0.837 269.8 123.8 437.28 168.65
000375 0.924 11.75 0 500 325.44
000444 0.727 0 0 330.0 332.69
000449 0.604 41.42 6.35 500 312.26
000481 0.609 264.29 169.89 498.44 320.24
000481 0.628 0 154.54 313.1 320.44
000481 0.29 0 169.94 169.28 285.5
000529 0.354 308.48 143.96 500 245.61
000538 0.527 412.03 181.63 500 229.15
000558 0.027 117.33 137.66 175.57 209.1
000558 0.243 141.94 71.91 212.34 189.71
000576 0.833 343.47 0 500 105.06
000631 0.734 207.99 22.97 441.09 331.97
000631 0.547 68.0 80.89 239.9 359.93
000792 0.689 169.72 0 283.72 462.0
000792 0.602 91.93 428.48 137.99 458.18
000811 0.27 75.3 141.02 304.66 262.06
000837 0.965 256.53 67.54 353.25 156.84
000907 0.629 0 0.85 236.4 188.8
000914 0.108 110.11 0 375 378.9
000995 0.84 6.6 57.48 297.8 292.22
000995 0.913 397.98 133.35 493.04 341.25
001049 0.641 0 165.97 205.02 224
001059 0.336 157.41 192.8 344.29 264.3
001059 0.805 267.26 272.86 384.3 291.86
001076 0.7 154.85 53.16 448.38 96.96
001076 0.547 413.63 83.41 486.95 118.93
001141 0.407 350.79 87.38 402.24 110.38
001141 0.837 257.98 123.0 365.19 289.6
001155 0.233 7.56 132.96 312.14 293.04
001188 0.583 285.06 96.42 317.76 123.39
001188 0.2 355.62 43.58 389.28 61.58
001188 0.987 360.94 105.66 390.86 126.46
001188 0.189 374.53 94.67 407.17 126.57
001188 0.767 406.38 63.52 447.79 87.5
001188 0.457 122.74 159.78 206.38 273.77
001188 0.881 60.57 111.82 143.25 164.14
001188 0.359 128.52 95.88 169.88 137.22
001188 0.522 447.91 133.86 496.42 178.38
001188 0.53 473.85 97.0 500 123.5
001188 0.116 470.96 66.93 500 83.08
001188 0.896 22.13 50.48 61.35 78.88
001188 0.616 95.7 49.66 124.7 71.92
001227 0.878 0 0 375 445.41
001342 0.034 190.12 30.19 269.92 152.4
001342 0.006 194.29 56.8 229.93 84.4
001342 0.758 171.1 88.04 198.35 108.18
001342 0.389 371.15 60.83 400.9 69.02
001342 0.153 111.88 67.17 129.52 77.73
001342 0.979 159.93 55.96 174.35 76.96
001342 0.603 75.64 68.6 96.64 82.74
001355 0.206 78.8 130.59 493.52 375
001394 0.213 41.15 96.92 104.51 138.72
001410 0.308 193.32 50.47 353.32 263.47
001410 0.105 50.03 76.39 92.28 211.29
001410 0.634 66.82 20.55 90.22 39.74
001410 0.382 159.42 8.22 195.46 87.72
001410 0.094 188.63 0 227.27 52.47
001410 0.09 238.5 43.27 263.22 64.48
001410 0.278 282.23 48.79 321.45 68.22
001410 0.672 369.36 51.6 431.49 82.91
001410 0.445 438.76 34.54 500 64.61
001410 0.63 392.45 0.19 432.01 29.35
001410 0.448 289.86 0.05 331.2 24.05
001474 0.918 115.25 82.29 441.95 141.57
001487 0.165 241.79 119.72 273.29 152.7
001527 0.128 330.94 144.4 449.74 168.65
001527 0.372 101.42 137.17 174.14 158.33
001527 0.1 228.8 141.71 275.3 161.73
001591 0.869 0 47.99 439.41 209.09
001634 0.658 0 43.13 396.78 310.85
001646 0.832 306.98 123.77 412.02 325.73
001646 0.307 24.05 0 105.67 328.04
001698 0.308 77.21 102.16 467.07 220.48
001698 0.876 52.4 134.77 374.59 232.62
001705 0.725 21.83 38.4 500 360.7
001770 0.116 321.61 173.45 500 350.75
001815 0.597 293.85 289.45 499.05 375
001822 0.163 141.64 190.39 455.72 263.89
001895 0.505 457.14 232.97 500 289.21
001895 0.573 49.23 239.12 90.39 267.72
001895 0.233 45.75 203.2 107.97 253.64
001895 0.95 259.25 227.16 281.75 239.16
001974 0.422 206.84 153.91 388.56 208.63
001974 0.698 254.9 151.76 375.22 184.46
002029 0.504 0 347.91 331 500
002085 0.565 166.71 207.96 250.45 282.84
002175 0.572 7.89 214.61 75.23 239.81
002225 0.429 0 236.31 197.08 323.43
002274 0.906 52.19 75.86 262.88 385.26
002274 0.104 20.56 277.82 59.76 377.92
002390 0.868 156.06 24.82 413.3 284.51
002390 0.306 109.75 256.94 154.89 281.36
002395 0.925 66.0 7.79 491.36 287.96
002449 0.89 277.65 211.61 346.95 233.87
002449 0.885 183.64 191.58 200.44 196.93
002474 0.581 187.82 190.48 347 398.48
002474 0.496 77.51 98.28 203.24 287.56
002474 0.908 69.84 130.06 179.09 290.61
002580 0.674 341.97 93.98 389.4 132.93
002580 0.903 434.34 103.83 468.54 141.98
002580 0.628 87.25 59.3 112.75 149.46
002580 0.738 133.55 34.44 163.63 164.24
002580 0.96 33.21 216.03 292.41 320.69
002628 0.266 223.86 69.7 351.46 293.8
002628 0.568 91.7 198.59 163.38 370.29
002628 0.089 69.3 169.68 121.74 278.58
002719 0.131 21.46 102.48 419.86 247.38
002764 0.909 45.26 133.03 203.6 380.48
002811 0.279 125.25 39.71 314.39 451.19
002811 0.968 17.79 170.28 142.74 390.78
002821 0.027 220.45 164.78 431.15 314.27
002948 0.607 0 0 430.61 333
002983 0.032 446.55 3.3 500 101.27
003012 0.853 297.87 105.93 351.3 157.74
003073 0.124 0 0 316.4 365.04
003111 0.839 393.18 197.89 492.06 235.61
003111 0.47 205.54 225.76 354.64 290.56
003111 0.588 281.76 68.23 407.9 299.31
003131 0.192 333.84 207.04 410.14 317.24
003409 0.251 320.35 184.84 438.05 224.04
003409 0.292 16.7 178.01 79.94 207.77
003409 0.8 77.45 130.77 409.97 204.87
003498 0.783 0 172.3 487.06 315.94
003543 0.139 210.78 60.77 353.65 188.48
003543 0.448 357.69 144.11 405.99 185.11
003543 0.477 168.84 70.0 188.03 97.04
003543 0.445 0 106.39 182.32 374
003571 0.69 271.77 208.92 500 327.03
003652 0.239 342.3 233.75 500 267.0
003652 0.047 282.64 279.05 479.1 330.92
003652 0.63 262.77 302.76 500 374.47
003652 0.86 198.71 234.17 291.09 272.51
003652 0.607 379.51 200.86 453.71 217.06
003652 0.589 343.19 190.65 429.64 210.22
003799 0.949 5.65 2.78 188.25 241.39
003799 0.314 246.76 0 355 278.32
003836 0.433 160.08 267.81 230.15 284.17
003892 0.431 23.18 9.97 359.18 145.17
003900 0.846 128.59 58.77 438.79 251.73
003900 0.389 17.11 101.01 185.37 203.73
003910 0.645 29.67 188.54 395.97 245.74
003929 0.958 15.68 58.7 58.48 109.2
003929 0.456 306.5 62.47 353.03 120.61
003952 0.104 202.6 222.96 255.52 484.32
004123 0.859 346.11 178.6 500 201.22
004123 0.248 109.63 13.06 335.63 262.4
004160 0.494 143.68 99.1 333.58 201.1
004160 0.359 409.7 29.48 485.3 147.4
004184 0.054 111.54 38.96 460.28 367.56
004225 0.556 0 24.05 262.26 312.17
004225 0.348 181.72 5.51 332 125.41
004299 0.155 369.63 195.31 500 296.95
004299 0.337 425.74 17.02 500 43.06
004299 0.67 153.04 11.99 255.94 51.47
004374 0.706 184.27 176.86 289.03 225.74
004382 0.264 129.81 151.77 396.12 209.1
004443 0.561 366.7 61.39 442.6 72.43
004443 0.426 43.34 90.83 94.48 126.32
004443 0.173 43.42 66.93 102.22 94.09
004443 0.748 183.82 65.44 399.11 182.04
004573 0.811 93.32 133.66 151.46 151.51
004613 0.748 247.4 155.67 267.86 194.17
004665 0.003 85.21 119.05 280.51 178.45
004665 0.349 143.16 202.14 225.96 219.6
004843 0.675 115.51 127.88 465.11 244.43
004843 0.834 0 176.26 90.21 225.26
004843 0.163 430.4 197.31 484.3 222.01
004899 0.745 0 20.79 137.61 333
004899 0.356 350.27 11.44 494.42 246.03
004899 0.938 366.14 333 500 333
004914 0.313 78.0 31.75 361.2 351.91
004937 0.327 84.33 0 393.09 291.6
004937 0.798 203.06 301.31 485.6 371.38
005022 0.526 207.18 104.65 267.63 141.37
005074 0.359 67.24 143.3 453.34 294.1
005098 0.801 44.48 109.46 366.53 224.12
005112 0.907 108.78 164.2 171.34 192.48
005112 0.16 296.09 181.03 395.73 200.77
005112 0.612 29.8 169.38 78.31 184.69
005112 0.377 367.35 175.42 428.34 191.02
005112 0.535 140.44 266.25 243.99 296.77
005213 0.61 13.82 99.5 442.27 375
005243 0.312 108.46 0.9 451.9 208.8
005272 0.633 421.29 207.12 500 330
005272 0.58 58.17 210.52 292.68 330
005329 0.947 167.52 119.17 247.32 259.75
005329 0.884 16.07 201.9 187.2 301.9
005329 0.327 188.72 207.63 270.5 301.13
005329 0.298 95.07 190.9 132.81 243.9
005329 0.394 6.64 203.04 63.64 240.64
005329 0.996 250.27 179.49 292.59 249.04
005329 0.336 326.76 225.64 376 256.84
005329 0.545 288.76 232.71 373.12 270.84
005329 0.079 187.4 228.92 234.04 249.12
005382 0.362 208.57 132.62 231.97 196.1
005427 0.493 0 169.34 192.82 243.8
005427 0.54 75.98 134.34 308.16 217.11
005604 0.515 41.72 315.3 109.31 413.15
005604 0.491 282.84 415.44 363.84 458.49
005604 0.371 0.05 32.55 295.79 459.43
005616 0.176 53.16 79.26 429.11 181.11
005616 0.73 385.84 90.67 482.3 144.75
005670 0.644 108.02 274.59 154.74 302.13
005670 0.54 110.67 196.19 222.78 255.34
005670 0.387 375.29 240.72 497.21 297.28
005720 0.543 40.77 13.69 307.73 500
005771 0.58 72.74 179.44 106.98 191.27
005771 0.76 85.63 114.56 111.39 151.04
005771 0.543 4.99 105.4 21.49 121.78
005771 0.555 17.03 117.18 29.03 123.66
005771 0.892 51.66 101.48 68.15 124.02
005771 0.702 58.37 101.15 74.42 111.65
005771 0.242 85.29 100.13 89.05 111.57
005771 0.175 81.01 105.49 98.61 126.07
005771 0.262 104.25 101.11 115.05 110.21
005771 0.665 104.46 102.3 123.36 124.74
005771 0.461 134.11 103.63 154.06 126.73
005771 0.487 154.59 97.41 168.78 109.11
005771 0.976 160.14 105.77 171.84 125.34
005771 0.739 161.33 110.84 182.95 121.04
005771 0.631 189.99 102.38 205.83 127.86
005771 0.284 224.56 99.2 232.81 113.28
005771 0.342 237.08 100.45 252.98 121.35
005771 0.408 247.19 109.03 268.31 135.03
005771 0.04 265.94 102.86 285.74 124.71
005771 0.779 290.31 105.16 305.35 125.84
005771 0.073 330.19 104.53 350.52 129.14
005771 0.45 377.26 88.9 391.12 111.78
005771 0.781 410.42 109.62 441.88 133.38
005771 0.327 418.65 102.14 432.9 123.56
005771 0.454 441.97 109.63 456.69 129.77
005771 0.961 329.77 110.01 378.07 155.09
005771 0.593 237.62 195.22 274.93 218.02
005771 0.395 123.71 132.33 153.39 169.33
005771 0.036 216.0 219.92 270.54 246.24
005771 0.789 300.2 122.76 318.92 149.22
005771 0.7 384.96 119.61 403.56 142.41
005771 0.089 136.99 143.2 166.2 151.3
005849 0.227 0 0 462.21 285.12
005950 0.716 234.49 114.83 445.49 229.23
005950 0.984 72.79 88.75 286.43 215.23
006014 0.95 164.72 40.4 321.6 500
006048 0.299 0 227.01 332 500
006110 0.967 332.28 117.38 356.76 162.53
006110 0.921 333.25 220.32 377.36 254.52
006160 0.713 156.48 170.65 236.4 264.58
006164 0.736 89.89 393.44 307.51 442.2
006205 0.705 250.31 179.36 326.75 307.88
006205 0.022 396.26 259.44 425.4 295.41
006205 0.626 12.39 255.91 28.37 292.66
006205 0.092 85.75 254.95 98.35 286.23
006302 0.727 401.72 104.76 493.52 288.36
006302 0.138 154.7 99.97 247.79 284.01
006302 0.853 0 65.2 38.4 153.2
006302 0.77 5.21 160.63 44.81 257.45
006332 0.881 365.84 0 500 324.28
006408 0.755 167.75 162.84 192.82 251.19
006490 0.379 256.85 10.39 269 71.87
006490 0.796 169.57 30.5 249.49 86.36
006490 0.198 128.06 29.2 179.93 74.14
006528 0.419 166.34 0 475.1 223.63
006604 0.052 279.19 199.4 324.27 216.86
006604 0.053 17.84 140.04 97.64 215.64
006604 0.288 166.27 200.27 200.59 213.71
006604 0.662 378.78 182.64 419.48 253.02
006659 0.007 176.63 113.83 231.71 332.19
006889 0.592 366.03 171.89 500 211.11
006977 0.556 53.23 41.07 234.67 363.12
006997 0.127 73.71 8.98 457.51 308.18
007066 0.788 259.38 209.02 406.38 269.82
007091 0.511 148.18 244.67 213.08 263.03
007173 0.949 48.82 19.99 384.32 284.95
007233 0.198 30.83 0 488.67 270.75
007357 0.151 313.56 163.8 376.12 189.99
007357 0.879 222.1 143.6 295.6 166.1
007357 0.543 135.04 156.2 165.11 178.86
007377 0.857 175.66 202.6 500 293.78
007400 0.673 46.06 347.96 189.28 407.74
007415 0.473 16.36 97.48 432.06 277.8
007428 0.097 117.07 54.0 246.67 231
007455 0.3 155.3 182.16 317.54 233.12
007464 0.871 238.9 136.41 310.18 318.66
007464 0.923 292.47 265.98 483.54 313.36
007635 0.718 260.98 166.08 448.66 290.19
007660 0.463 61.59 0 482.64 268.57
007788 0.212 105.25 0 364.42 222.56
007850 0.038 137.02 11.89 500 218.89
007952 0.497 229.05 152.19 331.35 307.29
007990 0.45 21.38 49.16 471.68 266.71
008099 0.869 145.27 16.25 237.92 263.77
008099 0.186 77.19 0 127.17 200.43
008145 0.744 34.45 141.43 413.27 362.7
008145 0.896 339.86 208.08 495.29 375
008217 0.85 54.26 147.42 332.61 306.72
008219 0.199 0.44 1.92 109.22 62.3
008249 0.645 0 107.8 233.82 177.34
008278 0.459 83.32 80.52 214.92 266.36
008278 0.378 0 212.66 33.06 290.5
008369 0.819 328.22 225.06 368.55 255.12
008373 0.546 182.04 152.38 205.27 173.18
008373 0.433 285.27 145.26 343.22 164.46
008373 0.013 151.1 119.32 229.67 167.73
008373 0.838 83.94 148.04 134.94 161.84
008545 0.333 279.1 245.02 352.42 354.2
008545 0.149 101.14 35.73 298.05 410.97
008571 0.962 39.37 7.86 267.32 182.1
008578 0.843 139.02 131.74 458.28 244.0
008590 0.904 319.07 221.09 417.65 325.73
008590 0.422 422.37 245.39 460.85 279.05
008590 0.487 339.2 228.16 381.6 265.78
008590 0.472 321.64 242.31 357.64 268.83
008643 0.022 154.66 72.0 462.98 218.01
008643 0.051 4.21 99.35 182.41 236.69
008704 0.328 243.0 170.93 294.5 185.91
008820 0.915 84.79 67.63 277.82 241.35
008868 0.057 0 118.46 423.5 202.12
008868 0.124 226.12 132.7 360.44 238.63
008869 0.756 112.73 0 500 375
008869 0.5 65.15 0.18 176.51 375
008869 0.392 186.72 198.17 499.92 298.87
008869 0.678 13.96 293.77 159.32 369.37
008869 0.404 1.58 221.81 65.58 291.11
008869 0.604 30.61 242.26 75.2 277.22
008998 0.578 410.16 236.34 450.96 293.76
008998 0.56 297.42 239.92 312.56 270.44
008998 0.689 238.95 238.22 267.23 273.32
008998 0.655 121.1 238.34 151.5 286.64
008998 0.877 64.78 218.9 97.42 277.2
008998 0.751 7.23 238.14 30.77 272.38
009001 0.839 104.35 42.15 198.51 430.19
009026 0.899 22.83 310.52 143.86 374.72
009102 0.586 0 341.89 500 375
009120 0.673 275.48 131.32 342.82 149.37
009137 0.302 45.85 152.22 114.05 169.7
009137 0.409 377.06 121.28 409.73 143.12
009137 0.683 270.49 129.85 318.01 144.69
009137 0.687 250.24 133.26 288.76 152.06
009137 0.21 212.26 145.42 262.61 167.2
009137 0.598 111.3 147.44 163.8 168.15
009137 0.306 93.09 138.58 129.09 152.36
009240 0.181 226.82 91.35 331.76 181.83
009423 0.337 109.7 0 341.87 342.1
009538 0.837 104.06 179.19 500 258.39
009538 0.031 6.76 243.3 66.92 300.34
009727 0.473 186.94 317.55 206.47 354.55
009727 0.116 196.28 328.9 206.28 374.98
009727 0.056 227.11 332.79 237.91 345.03
009727 0.783 259.94 267.61 274.2 297.85
009727 0.011 220.03 275.17 241.87 304.75
009727 0.687 192.82 280.53 217.78 301.69
009727 0.3 216.47 250.15 230.87 275.35
009727 0.312 200.97 256.0 214.41 271.75
009727 0.74 180.08 255.35 198.61 274.35
009727 0.583 166.59 258.57 179.89 274.72
009727 0.202 192.71 244.17 205.31 258.08
009727 0.521 147.62 223.29 193.62 263.62
009727 0.026 164.78 246.0 175.34 257.16
009727 0.831 140.17 206.5 155.98 220.3
009727 0.393 124.71 205.94 140.71 218.55
009727 0.308 128.69 183.13 137.69 198.53
009727 0.791 109.39 172.78 123.94 195.53
009727 0.099 97.25 181.38 107.15 199.97
009728 0.316 212.04 43.13 247.06 180.87
009793 0.837 24.98 62.86 405.14 321.26
009811 0.956 0 51.59 362.34 206.75
009811 0.948 333.86 104.81 486.74 200.84
009811 0.631 440.49 168.84 469.89 196.28
009885 0.565 352.8 0 500 369.27
