000136 0.067 356.0 26.44 373.1 70.0
000144 0.809 221.08 189.14 250.51 279.02
000144 0.915 238.42 106.91 254.42 177.12
000151 0.955 214.94 57.54 375 261.06
000178 0.992 242.59 75.2 294.43 249.27
000178 0.91 389.33 177.26 419.67 309.74
000178 0.283 327.9 64.45 357.04 165.15
000178 0.693 302.43 62.96 337.08 158.88
000178 0.613 251.72 100.1 267.53 182.78
000178 0.679 180.65 0 202.85 87.4
000178 0.634 197.84 73.09 247.33 248.05
000178 0.896 106.74 73.64 141.3 129.1
000178 0.561 133.83 72.6 155.91 113.94
000202 0.741 421.98 114.0 500 343.95
000277 0.412 396.92 339.13 438.52 374.47
000280 0.974 454.02 153.84 475.64 215.04
000280 0.826 479.2 105.75 499.0 177.69
000280 0.355 442.06 89.0 461.26 133.77
000299 0.606 99.94 209.52 111.71 233.76
000327 0.803 302.68 22.9 331.8 124.9
000335 0.616 2.93 75.88 370.64 393.4
000346 0.143 133.75 96.62 250.35 325.54
000369 0.511 180.86 255.52 216.56 375
000414 0.844 262.41 95.97 296.45 205.22
000447 0.208 281.54 223.23 340.9 344
000447 0.917 182.68 113.07 197.08 150.9
000517 0.902 184.13 219.37 214.29 324.01
000587 0.512 412.69 333.6 500 375
000606 0.002 419.55 215.74 452.53 311.42
000611 0.904 113.34 70.23 171.3 306.31
000737 0.559 463.02 199.85 473.02 228.05
000762 0.76 28.29 160.03 123.52 375
000825 0.109 237.6 190.85 278.0 225.16
000893 0.051 52.4 151.95 71.4 208.11
000893 0.544 69.4 152.97 86.32 209.13
000893 0.108 85.31 146.49 100.85 221.01
000893 0.93 93.49 225.19 107.6 249.34
000893 0.589 55.35 223.16 76.25 258.14
000893 0.238 75.58 221.78 94.78 259.24
000893 0.692 93.63 218.1 112.53 254.14
001021 0.558 78.59 221.86 123.67 290.2
001023 0.02 188.63 128.25 195.63 157.25
001023 0.97 345.58 162.87 355.28 187.35
001023 0.428 330.16 137.68 343.36 163.12
001023 0.336 180.59 130.1 188.22 162.3
001035 0.784 13.82 110.24 25.3 218.74
001047 0.906 66.32 17.81 79.62 67.63
001047 0.147 79.7 0 96.05 65.32
001086 0.867 298.02 227.82 356.61 372.82
001105 0.578 123.73 182.24 143.17 250.28
001105 0.824 80.33 191.23 107.93 259.87
001167 0.372 0 69.02 46.2 332.01
001177 0.884 10.81 132.29 93.65 374
001244 0.15 450.41 14.39 490.97 111.41
001244 0.088 259.62 113.27 269.98 145.75
001244 0.472 259.48 78.16 268.58 166.16
001244 0.867 225.47 116.22 241.52 175.08
001244 0.039 233.91 125.22 249.66 182.99
001244 0.043 211.13 117.05 225.3 168.05
001244 0.798 72.35 100.28 81.89 121.67
001244 0.034 82.55 95.72 91.73 119.97
001244 0.099 90.18 103.23 98.18 121.28
001244 0.191 87.44 114.34 100.84 144.7
001244 0.782 104.94 95.73 114.24 124.89
001244 0.19 111.14 96.91 120.59 117.59
001244 0.644 118.78 97.78 127.78 121.7
001295 0.394 0 54.88 208.8 336.46
001349 0.085 87.73 321.18 137.17 371.62
001354 0.89 333.65 256.14 374.6 352.18
001354 0.889 96.68 212.1 129.8 332.22
001407 0.482 228.7 224.54 247.4 271.62
001429 0.94 415.55 95.95 465.9 230.35
001429 0.717 481.39 48.51 500 117.44
001431 0.485 21.87 138.88 91.42 275.96
001456 0.044 30.25 43.1 108.25 288.8
001456 0.06 121.34 58.64 187.49 332
001489 0.631 311.61 94.81 326.74 150.25
001489 0.784 182.92 163.0 205.96 246.2
001489 0.155 154.28 181.2 174.08 253.8
001489 0.364 127.21 187.64 161.86 266.84
001569 0.682 3.44 278.32 43.72 407.92
001569 0.158 66.8 310.61 119.18 437.33
001585 0.786 58.41 155.16 71.01 186.51
001602 0.369 260.81 14.71 351 341.4
001602 0.401 153.7 0 227.15 170.0
001631 0.655 69.12 3.05 181.62 450.77
001652 0.375 213.55 289.79 298.15 500
001652 0.186 0 494.64 90.72 500
001720 0.38 82.15 295.81 98.4 374
001720 0.948 163.0 214.49 188.75 290.63
001812 0.043 407.47 253.86 422.31 300.06
001829 0.444 42.71 369.32 105.71 488.7
001921 0.189 180.53 370.88 200.41 462.4
001925 0.42 464.7 79.82 500 256.36
001925 0.814 475.02 0 498.52 75.6
001925 0.975 356.41 17.12 468.94 274.52
001925 0.249 376.06 6.15 463.46 76.77
001925 0.009 276.68 10.73 373.14 269.29
001925 0.072 284.58 5.9 379.58 79.34
001925 0.476 251.51 5.28 286.51 79.8
001925 0.678 173.04 0 279.86 226.92
001925 0.259 150.77 0 191.51 50.22
001925 0.275 164.33 0 271.85 233.58
001925 0.003 6.77 12.23 83.99 219.59
001925 0.541 50.35 5.21 92.86 47.78
001925 0.298 4.74 189.2 90.54 287.2
001925 0.244 0 239.35 49.22 327.7
001925 0.181 26.85 300.55 108.47 333
001925 0.593 105.41 288.18 185.51 333
001925 0.89 86.13 201.72 168.81 306.58
001925 0.456 177.32 281.36 259.13 333
001925 0.96 139.69 257.96 239.97 329.0
001925 0.823 125.39 316.12 193.07 333
001925 0.524 253.94 215.89 331.22 332.44
001925 0.779 218.15 271.31 320.61 333
001925 0.094 221.66 322.61 271.71 332.61
001925 0.403 274.8 305.1 362.67 333
001925 0.91 318.87 271.9 396.77 327.9
001925 0.188 393.25 286.72 440.29 325.36
001925 0.727 425.16 232.37 500 318.47
001957 0.205 172.06 281.44 213.64 295.84
001957 0.832 169.29 260.55 209.25 278.57
001975 0.854 210.0 49.24 216.58 74.89
001975 0.737 199.91 52.21 208.47 78.53
001992 0.44 392.54 156.78 409.18 207.54
001992 0.668 410.78 175.15 423.78 220.69
002026 0.713 403.78 289.23 429.22 353.91
002207 0.123 414.88 156.49 445.28 220.89
002231 0.081 264.18 13.03 364.62 215.49
002231 0.266 421.88 164.91 500 359.51
002231 0.39 144.21 229.56 296.05 313.39
002231 0.575 169.02 307.09 272.9 368.2
002231 0.026 15.63 237.1 196.17 340.1
002231 0.314 12.25 91.27 162.25 231.69
002231 0.785 116.34 0 218.35 144.16
002231 0.41 135.73 63.68 285.22 282.38
002235 0.04 487.93 109.46 499.26 149.06
002235 0.541 479.68 152.37 489.62 204.4
002235 0.182 463.03 105.74 473.23 146.59
002235 0.027 446.42 109.05 462.86 173.55
002235 0.941 489.46 166.23 497.02 239.67
002235 0.004 480.09 171.53 492.81 216.18
002235 0.157 472.42 169.09 480.97 215.29
002235 0.365 462.25 164.68 471.97 210.12
002235 0.283 449.86 146.21 461.62 195.89
002235 0.872 442.1 165.53 457.78 207.83
002235 0.082 355.64 47.27 361.08 93.17
002235 0.291 365.39 29.43 369.94 64.43
002235 0.213 369.27 22.16 377.19 57.52
002235 0.122 371.14 49.68 382.74 92.88
002235 0.756 390.9 18.6 403.0 60.74
002235 0.579 400.49 11.44 410.83 54.12
002389 0.141 60.91 146.63 73.13 175.75
002389 0.649 96.78 138.0 111.34 162.18
002389 0.836 126.42 133.52 142.47 159.84
002389 0.466 143.72 143.96 156.8 156.05
002389 0.896 24.98 156.46 38.11 178.06
002429 0.974 328.6 148.74 369.4 268.71
002429 0.76 219.35 153.56 270.35 285.0
002536 0.767 247.98 120.53 268.38 185.42
002538 0.906 200.87 229.26 232.8 338.4
002560 0.792 3.41 14.76 141.05 392.03
002575 0.84 414.5 283.96 435.29 357.22
002575 0.625 433.55 306.72 459.3 368.82
002575 0.353 312.26 318.62 363.62 380
002614 0.0 311.14 216.51 327.46 253.95
002614 0.924 257.06 196.7 271.92 249.2
002656 0.781 183.0 195.58 199.06 247.06
002705 0.547 327.24 278.08 365.64 371.81
002711 0.149 0 242.67 57.96 367.13
002712 0.513 242.2 215.04 291.2 367.04
002743 0.15 452.99 92.74 500 222.02
002743 0.008 90.06 218.94 162.66 349.5
002773 0.89 459.7 214.38 474.55 276.18
002773 0.212 474.28 213.72 492.64 270.15
002773 0.594 10.88 9.45 35.06 97.72
002773 0.895 73.17 43.42 95.17 119.02
002773 0.51 143.52 70.19 158.92 135.47
002773 0.167 152.78 74.52 168.25 129.24
002773 0.193 37.8 123.0 61.98 207.66
002773 0.635 60.67 135.47 87.42 209.39
002773 0.606 116.52 140.75 137.72 202.79
002773 0.336 131.47 137.74 146.02 175.96
002773 0.841 19.37 232.68 44.85 310.03
002773 0.029 84.15 220.74 105.15 294.74
002773 0.856 100.73 217.12 114.87 255.28
002773 0.289 42.36 375 67.52 375
002773 0.677 63.25 366.59 87.25 375
002857 0.403 37.39 191.29 106.97 429.9
002904 0.384 268.22 222.5 326.54 375
002904 0.244 355.04 232.9 413.18 364.85
002905 0.749 357.35 318.0 373.16 375.2
002945 0.001 340.16 292.76 385.94 374.92
002950 0.019 103.72 318.14 210.44 486.4
002951 0.329 466.84 181.88 496.6 223.19
002982 0.537 265.68 255.8 349.11 466.7
003010 0.743 56.58 37.12 120.62 201.75
003010 0.338 104.45 25.92 165.49 174.72
003010 0.392 398.61 40.16 458.46 208.05
003067 0.104 376.48 51.64 444.06 235.46
003067 0.772 301.15 57.67 375.15 244.22
003067 0.631 221.62 82.13 292.62 265.21
003067 0.9 132.0 61.37 212.85 255.74
003067 0.409 71.31 85.47 126.6 271.59
003071 0.094 189.9 29.74 315.18 500
003076 0.202 48.12 53.18 82.36 151.19
003076 0.265 84.26 56.05 113.96 164.95
003076 0.474 117.8 50.88 150.76 158.95
003076 0.41 153.36 38.06 184.36 138.94
003076 0.933 184.88 48.85 216.19 160.09
003076 0.819 216.85 54.84 249.49 160.92
003076 0.548 248.28 47.05 283.92 143.65
003076 0.18 279.48 47.0 313.72 143.72
003076 0.808 312.06 52.3 342.46 155.26
003076 0.152 62.51 217.39 86.75 280.44
003076 0.162 150.54 285.9 168.46 379.05
003076 0.52 149.66 218.62 183.76 282.27
003076 0.372 174.7 282.14 207.34 326.36
003076 0.832 211.78 222.95 245.38 290.79
003076 0.01 243.45 208.8 272.28 277.44
003076 0.884 306.28 234.47 349.49 336.23
003076 0.855 194.61 334.03 219.81 427.65
003076 0.23 242.19 311.23 276.29 375.89
003076 0.495 294.25 329.0 320.05 415.73
003249 0.887 0 27.74 186.76 337.33
003249 0.771 160.2 28.82 282.6 373.85
003249 0.168 328.23 37.65 470.23 375
003278 0.977 24.34 278.1 91.3 375
003309 0.143 392.33 226.47 437.91 356.16
003431 0.247 1.78 241.63 30.62 375.28
003431 0.328 59.84 246.57 135.44 466.79
003446 0.022 233.75 149.3 278.75 324.1
003446 0.635 177.8 144.52 229.3 325.46
003459 0.375 300.7 211.28 325.0 287.28
003488 0.501 44.18 187.11 66.42 221.28
003544 0.895 422.03 153.12 429.23 176.16
003544 0.977 403.64 151.13 411.83 177.86
003590 0.788 193.8 189.94 211.8 251.14
003643 0.4 236.21 274.38 285.43 459.78
003649 0.695 274.08 199.38 298.06 273.3
003649 0.211 242.75 185.42 255.87 236.46
003665 0.795 440.14 118.67 461.04 153.32
003697 0.603 305.87 67.92 490.37 276.72
003697 0.953 99.69 202.92 228.21 348.27
003697 0.616 74.1 146.34 233.49 375
003707 0.932 396.41 44.03 434.89 83.17
003725 0.761 211.54 78.06 246.74 177.42
003736 0.958 149.92 175.61 215.32 266.75
003776 0.709 164.28 218.37 174.6 263.88
003776 0.254 236.99 221.56 243.05 259.36
003802 0.302 240.89 15.9 266.0 117.1
003842 0.259 33.48 0 182.63 486.82
003867 0.204 250.07 175.32 268.25 227.19
003906 0.19 394.93 146.2 496.94 323.83
003928 0.685 125.91 0 260.24 464.38
003942 0.218 17.57 144.16 43.83 233.04
003943 0.413 388.59 320.11 399.75 372.13
003943 0.57 360.39 314.54 373.27 367.07
003943 0.94 372.3 318.62 380.38 339.52
003943 0.874 379.14 315.49 393.05 341.41
003944 0.27 68.17 242.2 98.33 304.42
004032 0.659 288.31 4.49 343.03 34.07
004042 0.108 282.63 0 344.24 235.87
004055 0.225 203.71 348.0 268.01 500
004055 0.776 306.82 389.89 360.4 500
004056 0.364 205.45 164.2 235.6 219.2
004056 0.512 219.29 218.31 256.53 311.37
004056 0.708 255.56 204.8 287.96 306.56
004068 0.638 297.18 189.18 324.48 359.1
004068 0.869 272.98 166.13 307.28 239.96
004072 0.819 233.01 201.87 255.33 253.81
004118 0.119 227.73 262.62 255.63 334
004127 0.091 356.51 185.06 451.15 289.0
004134 0.879 108.72 7.64 144.44 116.72
004134 0.63 147.95 0 172.2 104.0
004134 0.662 183.1 0 212.22 95.88
004134 0.042 218.39 0 239.29 107.91
004134 0.943 207.56 6.15 235.61 89.87
004134 0.782 326.34 302.69 398.42 400
004134 0.902 399.68 204.5 466.88 309.99
004134 0.161 129.56 311.74 236.62 348.0
004134 0.67 119.81 317.23 221.73 347.92
004162 0.022 76.67 383.0 103.41 477.0
004162 0.991 107.14 386.47 132.1 488.12
004162 0.897 130.29 378.62 160.89 475.58
004162 0.886 161.54 382.33 185.69 479.35
004162 0.035 203.4 412.48 235.38 500
004162 0.15 230.78 317.38 246.12 402.74
004162 0.062 237.25 391.72 261.17 469.0
004162 0.215 263.52 399.64 293.68 489.75
004162 0.44 290.57 393.93 319.37 477.63
004180 0.456 278.23 52.48 291.07 88.74
004236 0.166 73.86 158.2 148.34 323.8
004236 0.712 136.44 92.76 199.8 325.96
004236 0.73 206.85 112.29 279.23 301.29
004236 0.173 298.82 139.14 377.6 332.58
004236 0.738 106.08 44.9 135.48 107.21
004236 0.57 151.08 38.24 184.2 101.03
004236 0.132 154.31 43.32 188.39 78.52
004236 0.497 184.24 28.98 204.19 94.9
004236 0.389 200.37 64.34 229.77 148.82
004236 0.398 224.1 28.96 267.3 97.76
004236 0.507 250.05 25.72 278.13 68.02
004236 0.479 226.07 37.85 252.82 78.35
004236 0.092 205.39 16.07 233.47 64.22
004236 0.71 169.38 10.5 196.42 49.11
004236 0.35 276.9 48.42 298.3 65.25
004236 0.662 327.84 48.72 354.3 79.08
004236 0.73 349.84 40.19 380.0 97.96
004236 0.613 365.61 27.07 393.33 66.29
004236 0.086 381.18 58.09 406.66 88.25
004236 0.476 397.83 47.83 430.53 88.25
004236 0.933 438.8 69.87 468.09 105.51
004236 0.144 452.14 52.28 484.54 79.25
004236 0.986 468.16 29.48 497.05 57.2
004236 0.732 418.54 24.88 439.44 49.84
004268 0.729 147.41 142.72 191.27 302.11
004311 0.677 220.5 151.43 242.3 208.66
004311 0.33 271.4 147.49 283.46 206.77
004311 0.59 271.05 156.02 284.44 202.22
004311 0.56 282.81 178.05 294.81 203.79
004348 0.964 497.25 0 500 57.33
004355 0.319 232.99 200.2 276.99 363.91
004355 0.653 196.01 75.22 235.91 259.82
004422 0.011 389.82 223.18 407.68 287.98
004422 0.964 381.85 202.62 391.57 240.06
004422 0.496 372.17 214.95 386.12 285.65
004422 0.567 351.96 226.34 369.82 298.76
004422 0.97 342.33 206.4 353.13 289.08
004422 0.814 328.81 208.43 342.95 286.54
004469 0.777 182.11 318.51 213.79 369.66
004469 0.207 162.04 352.32 195.52 375
004469 0.55 211.83 194.18 235.52 258.82
004469 0.206 193.79 195.18 216.59 256.38
004476 0.645 304.31 175.42 331.19 310.32
004476 0.687 374.0 96.74 394.46 161.06
004476 0.787 44.79 325.7 96.96 375
004546 0.793 165.64 198.92 220.72 375
004546 0.046 46.3 162.1 144.3 368.56
004599 0.709 112.45 4.47 226.84 442.81
004599 0.828 283.35 111.83 332.49 243.88
004640 0.234 188.87 116.48 208.82 179.02
004640 0.609 144.64 110.47 160.32 155.27
004640 0.364 211.13 135.47 232.34 211.83
004640 0.147 255.41 188.59 288.35 278.65
004712 0.425 20.18 152.81 41.74 231.69
004712 0.2 0 194.19 22.5 282.39
004712 0.042 44.69 46.32 71.99 102.72
004717 0.07 243.15 178.42 256.17 233.01
004717 0.522 231.89 201.47 252.19 249.7
004720 0.444 153.09 154.27 166.59 191.71
004721 0.35 148.21 267.12 167.11 334
004721 0.128 311.35 294.56 337.6 329.52
004819 0.202 196.19 213.18 220.63 317.3
004819 0.628 260.6 393.24 278.6 462.4
004880 0.968 396.34 215.82 416.8 293.93
004880 0.641 386.34 216.46 399.84 270.78
004919 0.667 299.29 10.02 421.86 236.73
004922 0.144 222.73 130.9 391.03 196.56
005002 0.42 144.78 140.16 251.34 500
005002 0.328 121.56 69.77 183.64 275.81
005096 0.814 1.36 0 173.63 263.19
005216 0.124 200.42 60.94 310.22 367.96
005226 0.667 331.93 222.7 357.13 309.7
005226 0.661 324.22 240.5 378.75 310.5
005233 0.296 286.18 206.94 310.38 287.13
005233 0.664 207.66 155.99 223.98 207.93
005233 0.018 234.39 160.77 251.99 202.17
005276 0.438 468.12 276.88 480.22 314.68
005294 0.612 167.71 21.02 498.31 375
005428 0.24 4.24 35.3 202.96 403.52
005442 0.597 405.65 76.68 429.3 155.88
005491 0.438 272.93 156.04 354.83 369.04
005570 0.855 313.06 166.2 350.16 279.6
005622 0.549 220.73 213.15 251.25 281.4
005635 0.733 2.86 86.9 148.72 357.58
005635 0.777 118.23 177.78 199.85 363.98
005635 0.777 183.61 203.46 315.91 370.86
005635 0.558 303.69 124.27 412.59 375
005635 0.957 113.08 77.53 219.13 223.47
005635 0.98 197.43 38.6 289.23 252.6
005635 0.565 280.88 71.29 356.54 301.28
005635 0.59 389.2 59.77 437.16 136.28
005635 0.367 428.06 75.49 441.5 148.63
005635 0.569 371.21 20.49 393.11 68.79
005635 0.484 91.03 78.13 120.32 183.19
005721 0.045 337.56 275.93 356.26 344.75
005721 0.512 205.24 224.2 223.84 304.0
005926 0.585 17.18 237.9 40.98 283.49
005936 0.022 448.82 187.76 500 293
005942 0.654 49.24 332.93 87.04 333
005942 0.601 0 217.32 31.92 289.24
005942 0.061 422.52 259.05 450.52 309.54
006003 0.591 206.66 0 342.34 381.71
006003 0.045 48.29 49.95 155.67 335.13
006056 0.923 305.58 142.35 343.38 225.77
006056 0.429 173.81 80.45 204.41 169.63
006057 0.041 469.79 132.02 479.49 169.42
006072 0.207 233.61 40.36 309.61 374.2
006072 0.439 145.04 100.6 252.1 328.94
006086 0.523 104.34 71.22 164.52 262.11
006093 0.393 177.82 198.86 289.0 301.86
006152 0.758 84.01 19.43 107.11 89.39
006152 0.87 71.9 75.5 100.72 134.0
006152 0.571 50.76 12.64 64.86 71.14
006152 0.456 30.5 15.21 49.3 68.01
006152 0.658 12.9 11.89 28.54 70.21
006152 0.481 4.01 16.22 15.34 61.81
006195 0.363 55.56 360.79 73.24 413.17
006195 0.49 71.58 361.55 84.19 418.26
006195 0.56 18.32 405.97 32.26 449.97
006195 0.764 282.92 328.38 296.42 360.57
006248 0.914 43.07 109.62 149.99 144.33
006248 0.086 0 237.8 16.8 321.5
006359 0.23 193.05 45.75 217.29 130.03
006359 0.148 219.21 46.8 241.52 127.98
006360 0.314 235.81 263.5 289.45 375
006380 0.66 246.42 164.58 265.8 201.68
006380 0.865 242.73 100.62 266.25 141.12
006380 0.3 283.49 62.91 306.69 125.98
006380 0.428 266.36 105.62 276.7 121.67
006380 0.954 283.2 97.32 295.2 114.83
006390 0.854 3.02 261.22 52.07 375
006390 0.436 188.72 270.46 256.34 367.42
006390 0.659 0 375 95.9 375
006402 0.257 11.24 28.23 40.64 143.31
006402 0.682 70.64 81.7 103.76 177.4
006432 0.659 326.5 220.1 365.0 327.16
006432 0.892 166.35 257.72 199.83 347.93
006452 0.757 22.98 370.38 54.99 493.52
006500 0.453 285.82 214.64 324.88 318.64
006500 0.325 229.52 210.41 268.0 310.37
006500 0.927 185.2 198.45 225.48 293.85
006500 0.122 166.65 285.94 208.09 333
006500 0.088 107.96 194.84 141.62 278.3
006500 0.884 67.95 167.41 109.68 269.25
006500 0.947 33.39 160.44 72.15 253.36
006500 0.111 10.56 153.57 36.66 242.88
006500 0.575 0 142.9 19.44 231.1
006500 0.013 412.18 228.71 434.62 333
006500 0.558 328.87 96.97 371.92 207.64
006500 0.657 297.85 152.75 321.41 314.07
006500 0.649 229.85 95.19 283.81 252.49
006500 0.952 224.1 88.4 254.18 189.77
006500 0.669 187.09 91.82 218.94 196.68
006500 0.239 158.52 151.0 181.2 279.16
006500 0.957 139.96 100.44 166.56 188.76
006500 0.924 74.77 124.73 125.52 209.78
006500 0.32 299.66 124.14 352.58 203.34
006500 0.694 212.22 161.6 247.74 293.5
006500 0.483 157.14 158.0 198.42 233.48
006500 0.219 112.53 159.89 155.44 234.44
006500 0.932 87.76 94.38 118.28 177.06
006500 0.943 46.26 60.72 67.03 149.64
006500 0.599 48.21 94.63 71.44 141.43
006500 0.378 25.7 92.13 48.74 148.84
006500 0.586 10.28 96.65 30.86 151.15
006500 0.555 1.39 104.33 15.64 168.94
006500 0.413 386.79 2.4 433.14 117.97
006500 0.595 340.68 0 386.44 135.89
006500 0.303 291.32 0 338.86 138.86
006500 0.349 249.88 4.68 283.72 141.84
006500 0.505 221.24 90.16 252.56 200.52
006500 0.799 143.41 77.76 163.21 248.16
006500 0.934 151.25 8.12 180.05 129.66
006500 0.023 115.14 79.3 156.03 192.98
006500 0.327 104.96 15.73 130.18 119.13
006500 0.427 76.71 0 105.21 61.56
006500 0.381 46.45 115.53 83.71 260.5
006500 0.406 36.17 16.11 68.07 97.29
006500 0.791 12.6 13.31 39.59 89.15
006644 0.212 480.94 194.9 493.96 231.0
006644 0.632 465.94 206.9 480.63 239.45
006662 0.812 311.37 202.14 351.33 310.7
006732 0.76 367.2 0 483.12 85.36
007225 0.516 384.45 176.6 414.48 290.6
007225 0.882 379.08 230.29 395.2 296.62
007225 0.843 95.37 177.89 129.04 281.85
007225 0.363 108.27 245.25 133.38 353.05
007237 0.829 99.79 215.89 124.63 251.61
007404 0.713 208.28 96.85 226.1 132.57
007456 0.173 87.97 62.69 170.47 161.38
007456 0.329 128.89 44.42 190.27 167.47
007456 0.893 276.57 23.98 325.71 113.26
007456 0.434 222.68 47.42 284.43 149.39
007456 0.906 154.58 90.25 237.3 298.89
007456 0.056 323.33 31.1 442.1 289.02
007494 0.144 10.53 165.33 83.28 345.65
007494 0.589 216.27 3.1 231.91 29.35
007494 0.178 223.08 14.84 241.26 54.44
007494 0.39 0.37 202.44 15.07 356.14
007500 0.099 40.52 247.37 110.52 400
007504 0.262 115.48 27.21 432.72 375
007532 0.056 300.0 129.4 340.33 214.9
007569 0.147 399.35 294.52 497.79 333
007569 0.007 0 285.04 193.32 325.08
007569 0.64 202.21 286.99 384.52 333
007569 0.252 57.12 157.35 110.16 200.35
007569 0.605 103.32 157.12 144.72 199.76
007569 0.043 155.78 157.27 192.44 199.07
007569 0.1 197.64 158.99 236.28 199.73
007569 0.475 217.51 120.2 253.39 159.0
007569 0.45 239.33 88.22 277.33 125.66
007569 0.871 257.92 114.93 301.92 154.83
007569 0.035 241.35 155.26 278.79 197.9
007569 0.082 272.92 153.51 315.16 196.15
007569 0.975 313.2 86.63 347.4 134.23
007569 0.806 274.56 83.38 315.97 122.33
007569 0.281 295.65 47.82 337.23 87.38
007569 0.977 324.52 85.08 361.32 127.98
007569 0.373 346.57 120.05 387.13 158.69
007569 0.766 325.06 156.94 363.44 199.84
007569 0.35 361.87 157.59 399.67 197.75
007569 0.751 379.65 119.28 414.75 158.88
007569 0.82 356.8 85.99 397.12 123.23
007569 0.057 402.5 82.46 443.44 125.3
007569 0.617 466.65 119.21 493.15 143.0
007569 0.888 405.4 158.0 447.64 193.49
007569 0.132 443.2 152.35 489.28 194.15
007598 0.354 78.19 181.37 90.41 200.09
007598 0.628 392.78 192.49 412.94 242.31
007598 0.489 439.62 144.29 450.66 161.77
007652 0.03 171.16 239.2 335.0 333
007700 0.579 203.09 16.25 283.43 206.13
007717 0.726 0 98.38 496.08 265.82
007739 0.599 161.29 215.51 223.42 366.17
007744 0.652 441.48 152.46 482.88 291.66
007744 0.774 381.53 234.36 459.65 375
007744 0.845 394.67 107.5 465.62 231.58
007744 0.26 342.44 165.4 374.44 314.13
007744 0.288 313.28 115.36 363.42 304.36
007744 0.296 275.6 268.08 308.6 368.88
007744 0.426 238.59 139.02 282.69 306.42
007744 0.77 220.57 163.84 247.3 293.31
007744 0.776 169.38 146.08 223.95 298.18
007744 0.961 153.84 147.21 193.04 258.09
007744 0.428 90.84 151.46 135.96 300.86
007744 0.32 38.44 159.45 85.08 310.15
007744 0.109 0.41 219.79 17.69 334.09
007744 0.396 2.18 163.16 35.78 269.88
007778 0.962 244.4 95.9 436.41 207.18
007783 0.402 472.99 239.22 500 312.94
007862 0.542 465.74 65.53 491.06 100.87
007862 0.176 484.9 70.94 500 108.39
007862 0.764 437.58 57.39 446.67 84.95
007862 0.949 408.22 15.9 432.22 54.4
007937 0.576 372.0 233.16 381.7 282.51
008089 0.686 218.08 93.21 267.08 188.76
008094 0.649 231.97 301.33 317.29 375
008134 0.004 22.17 14.25 71.57 139.35
008134 0.223 72.12 17.62 122.1 152.26
008134 0.744 121.74 18.25 174.06 154.87
008134 0.735 177.59 7.68 220.64 133.41
008134 0.617 224.03 16.96 265.43 154.3
008134 0.376 279.55 0 308.05 170.18
008134 0.588 325.9 20.75 374.2 138.25
008134 0.255 374.56 9.66 418.72 129.36
008134 0.937 425.64 21.11 478.44 160.81
008134 0.908 23.82 184.83 69.28 298.91
008134 0.881 67.2 195.5 114.45 309.58
008134 0.14 124.91 192.84 170.27 321.24
008134 0.457 176.32 191.91 215.12 324.59
008134 0.599 217.25 195.15 263.69 313.49
008134 0.591 223.93 299.73 271.63 333
008134 0.751 321.89 207.59 368.09 327.15
008134 0.112 376.78 183.53 417.7 310.22
008134 0.711 426.17 185.85 463.97 299.31
008182 0.47 135.77 91.3 148.37 139.26
008182 0.477 114.94 92.75 135.34 139.75
008192 0.469 169.84 101.62 187.89 136.18
008287 0.93 281.09 189.44 354.82 341.54
008330 0.731 0.2 269.23 57.45 440.31
008379 0.667 331.81 0 472.21 311.1
008382 0.758 170.86 50.66 192.02 110.84
008400 0.818 167.91 236.48 181.21 283.4
008405 0.818 158.4 119.62 177.8 169.44
008414 0.243 38.5 102.54 47.86 119.02
008458 0.936 25.3 341.5 43.66 375
008516 0.871 278.2 198.38 386.84 254.24
008520 0.326 327.53 155.86 353.45 215.22
008520 0.502 254.05 115.16 278.55 187.92
008520 0.415 299.34 2.92 313.06 29.7
008555 0.912 270.71 387.73 296.71 453.38
008583 0.457 401.74 112.07 421.54 178.37
008583 0.448 366.76 158.53 395.65 234.76
008583 0.723 338.28 148.41 364.8 231.84
008583 0.293 328.81 147.28 342.95 198.74
008591 0.188 253.12 0 286.78 77.35
008591 0.803 114.53 47.8 140.34 139.64
008591 0.667 106.74 50.62 131.96 112.93
008591 0.536 13.98 153.98 92.0 404.68
008627 0.034 230.5 160.9 269.04 320.96
008686 0.642 202.44 191.66 275.88 375
008697 0.511 196.75 24.2 312.29 500
008740 0.746 138.6 34.15 216.6 141.46
008778 0.678 313.78 0 392.25 199.8
008894 0.21 213.09 106.02 415.83 486.97
008902 0.99 123.38 268.95 151.58 313.95
008922 0.261 329.49 180.51 339.83 204.03
008925 0.832 81.7 49.13 115.92 132.96
008925 0.301 153.44 60.96 191.55 222.06
008925 0.525 241.96 80.4 259.78 257.88
008925 0.345 349.29 61.25 383.24 218.68
008925 0.433 482.06 108.14 498.05 323.74
008925 0.673 450.63 68.39 489.15 289.94
008925 0.092 368.62 71.27 410.48 284.27
008925 0.855 393.24 15.9 458.1 298.44
008925 0.742 285.9 59.11 343.86 307.54
008925 0.628 188.38 28.59 257.02 316.29
008925 0.016 0 230.26 79.23 333
008925 0.643 84.92 50.23 148.84 333
008925 0.817 0 37.88 37.24 321.96
009012 0.902 118.56 0 273.41 500
009012 0.279 293.57 19.21 375 195.91
009075 0.912 364.63 201.14 424.83 366.24
009075 0.33 88.03 309.61 126.74 372.85
009164 0.76 182.83 312.93 211.03 404.13
009171 0.103 204.28 188.92 225.7 254.02
009171 0.992 250.83 227.98 259.67 300.5
009257 0.038 128.33 0 215.48 188.6
009297 0.05 324.85 154.82 357.75 245.82
009297 0.498 372.98 129.39 390.98 199.95
009297 0.396 394.22 155.68 425.54 242.2
009297 0.923 426.98 202.65 454.98 271.32
009311 0.592 42.77 86.0 56.27 126.33
009366 0.206 0 490.86 162.72 500
009431 0.077 9.28 82.24 138.88 487.03
009482 0.692 295.9 151.66 312.69 198.74
009482 0.988 255.11 159.6 276.95 200.02
009482 0.811 447.0 110.9 462.07 132.68
009547 0.634 235.47 290.86 317.07 462.75
009547 0.44 115.14 183.79 173.44 432.39
009547 0.408 2.54 201.17 53.9 376.89
009547 0.906 1.83 316.82 17.64 412.94
009570 0.016 65.54 87.34 111.14 209.91
009570 0.267 13.38 98.83 70.72 180.94
009570 0.179 6.0 87.38 50.64 202.81
009626 0.362 349.64 317.57 374.08 372.09
009630 0.89 46.79 147.04 75.39 209.6
009630 0.822 17.38 161.16 46.54 225.36
009633 0.032 3.91 208.02 14.11 253.34
009633 0.056 78.86 198.53 93.28 250.78
009633 0.816 107.05 198.21 119.53 248.13
009645 0.457 133.68 41.81 213.68 280.57
009645 0.653 218.3 0 275.9 246.61
009645 0.041 315.14 1.99 373.42 136.31
009782 0.371 238.19 179.32 250.07 220.92
009782 0.537 328.12 253.85 353.88 337.78
009782 0.41 417.75 232.62 440.98 303.69
009798 0.913 209.04 229.19 224.85 292.55
009798 0.512 166.4 196.91 192.15 275.19
009798 0.629 230.53 169.55 244.94 202.67
009840 0.447 1.93 190.8 24.93 344.32
009871 0.406 396.22 12.9 413.82 77.7
009871 0.869 381.5 79.66 399.19 109.66
009891 0.675 12.21 18.39 119.34 212.87
009929 0.336 31.89 324.8 227.13 500
