000014 0.789 54.75 165.41 287.05 227.81
000054 0.792 63.42 73.28 500 306.52
000188 0.86 56.94 96.51 496.71 217.47
000195 0.671 0 21.44 476.0 354.38
000231 0.621 111.07 208.69 370.83 322.93
000239 0.781 0 140.64 473.85 252.58
000252 0.056 204.66 0.62 396.42 155.32
000341 0.353 309.4 118.74 387.0 205.74
000456 0.117 74.35 33.12 404.02 280.12
000512 0.256 20.81 75.66 439.93 325.86
000536 0.468 39.2 108.72 500 329.52
000719 0.36 0 0 184.44 189.39
000723 0.808 83.75 140.17 457.64 269.18
000727 0.83 106.66 319.16 279.62 429.9
000833 0.585 51.86 0 500 393
000858 0.081 344.38 236.48 418.62 333
000864 0.844 0 0 500 111.09
000916 0.972 138.0 11.32 500 272.32
000924 0.716 300.26 237.81 406.98 375
000924 0.602 163.62 130.32 284.53 261.64
000924 0.967 30.2 137.2 192.84 274.81
000924 0.745 0 151.37 47.96 243.39
001218 0.492 111.0 78.2 500 294.2
001318 0.556 215.72 182.97 390.68 245.07
001424 0.943 263.55 308.6 322.13 398.9
001626 0.862 76.45 13.14 371.29 290.82
001644 0.232 7.5 0 496.08 319.16
001659 0.731 62.0 98.22 312.25 338.86
001736 0.199 129.49 186.07 474.45 314.69
001817 0.307 28.41 175.16 312.21 429.72
001844 0.188 135.66 115.39 274.58 208.51
001884 0.351 188.56 219.41 201.4 246.85
001884 0.909 192.67 213.34 308.11 245.54
001884 0.165 317.02 214.7 418.67 249.26
001897 0.254 0 68.28 436.17 244.86
001953 0.068 0 36.11 496.0 297.28
001983 0.056 34.6 113.32 341.69 207.05
002177 0.698 4.04 108.28 103.4 191.98
002177 0.271 115.62 125.08 358.7 248.56
002216 0.153 353.42 129.89 493.42 328.83
002216 0.455 32.56 109.81 337.08 340
002223 0.76 0 0 240.9 489.25
002229 0.819 63.14 84.76 443.3 281.22
002242 0.181 281.74 118.78 500 268.12
002245 0.23 120.56 45.13 455.36 254.43
002317 0.795 84.55 0 461.88 279.77
002383 0.778 71.91 36.18 312.49 263.18
002530 0.578 0 0 160.74 141.68
002530 0.41 78.02 41.79 249.37 176.31
002679 0.749 55.9 52.78 424.12 375
002700 0.438 0 62.84 128.04 118.3
002716 0.93 21.55 185.6 258.05 297.15
002716 0.033 0 137.16 356.7 330.76
002716 0.507 0 108.89 308.0 209.17
002716 0.806 85.17 55.46 411.33 175.65
002716 0.488 85.02 56.37 376.08 166.37
002716 0.044 412.28 298.38 489.63 375
002716 0.865 246.57 331.62 416.91 375
002748 0.428 392.75 86.38 491.75 277.96
002865 0.537 409.47 215.38 495.87 258.22
002865 0.154 355.54 225.23 378.68 249.01
002865 0.835 363.76 196.2 381.94 244.2
002865 0.957 285.62 237.96 341.06 294.06
002865 0.731 54.35 33.36 381.47 375
002865 0.728 3.25 0 56.75 375
002897 0.371 418.75 194.68 471.87 251.48
002897 0.685 439.62 223.43 468.22 251.85
002897 0.977 465.17 230.35 482.81 258.7
002897 0.979 484.82 234.11 495.62 254.82
002920 0.72 0 131.83 210.6 262.51
002955 0.005 137.67 3.61 500 262.0
003001 0.923 40.32 54.95 295.12 500
003006 0.335 407.54 118.65 499.31 214.05
003006 0.694 263.54 106.35 434.54 226.86
003006 0.984 198.54 164.88 262.4 204.92
003006 0.388 160.52 177.36 205.24 203.75
003006 0.962 32.79 131.55 130.71 256.95
003016 0.655 0 0 270.6 195.5
003101 0.975 281.18 23.18 500 300.38
003101 0.37 201.62 60.35 262.34 199.85
003101 0.115 0 17.24 199.5 280.94
003289 0.203 255.25 192.09 436.5 241.91
003302 0.621 172.45 161.35 334.45 318.91
003340 0.843 17.98 238.2 248.04 495.24
003358 0.19 27.99 86.59 263 500
003399 0.577 51.25 51.13 264.36 190.05
003475 0.584 106.83 66.1 459.63 254.2
003503 0.236 363.1 44.44 500 269.84
003517 0.077 403.19 159.26 496.29 245.26
003517 0.803 361.64 122.7 420.54 238.24
003517 0.149 0 178.31 56.58 305.0
003715 0.258 64.74 42.95 457.86 321.31
003864 0.062 0 0 500 375
004001 0.379 385.12 135.23 491.05 204.91
004030 0.033 0 301.78 395.28 375
004065 0.342 26.4 94.16 462.4 302.9
004094 0.142 32.35 12.48 456.05 290.58
004099 0.97 46.51 165.92 311.47 382.52
004104 0.516 130.86 292.21 215.82 351.49
004144 0.145 10.51 336.27 69.67 406.23
004156 0.175 2.15 59.45 376.51 334.97
004167 0.977 51.03 68.05 500 375
004302 0.864 0 123.16 484.03 265.96
004305 0.627 61.51 168.94 266.53 345.49
004402 0.185 155.61 27.38 494.95 319.94
004431 0.075 11.87 171.43 236.51 265.3
004541 0.601 36.12 295.71 343.86 375
004541 0.659 210.56 75.97 495.7 311.16
004594 0.541 83.05 89.36 296.89 254.96
004594 0.128 310.34 215.38 500 375
004594 0.602 233.73 26.98 326.55 72.98
004594 0.571 331.38 35.9 500 100.16
004594 0.915 30.62 38.69 69.14 78.47
004666 0.631 0 108.4 324.45 272.2
004724 0.258 59.73 67.19 393.44 230.39
004762 0.287 86.9 55.45 500 230.25
004802 0.587 0 191.72 500 322.1
004883 0.157 0 79.66 439.76 199.98
004924 0.832 0 31.99 500 375
004944 0.741 0 49.56 186.12 366.36
004989 0.826 35.51 182.05 435.13 296.73
005046 0.693 60.08 82.37 500 313.49
005066 0.109 131.9 50.91 442.86 355.41
005066 0.378 442.96 106.79 496.0 342.19
005265 0.977 56.96 46.84 500 253.84
005271 0.651 78.79 60.96 337.19 304.03
005381 0.372 14.08 283.79 237.76 500
005484 0.95 143.5 76.57 309.1 268.15
005598 0.402 0 0 448.88 250.7
005663 0.968 2.26 158.9 82.92 197.85
005663 0.726 432.44 158.86 470.98 191.1
005666 0.32 232.84 392.84 262.92 421.04
005670 0.11 59.46 99.62 460.43 326.22
005737 0.085 50.1 11.15 500 322.89
005739 0.054 11.77 0 431.19 360.57
005746 0.519 493.07 146.22 500 375
005800 0.409 2.24 129.84 225.44 375
005809 0.081 93.1 101.18 429.12 271.52
005870 0.088 50.85 106.02 500 250.74
005978 0.563 0 105.31 217.36 238.16
006013 0.199 307.11 290.26 489.27 362.8
006082 0.096 172.35 0 500 259.7
006113 0.447 303.16 86.88 399.98 192.45
006113 0.204 328.68 129.92 361.82 244.3
006113 0.68 214.85 157.84 328.13 303.79
006113 0.44 0.88 165.83 123.6 307.97
006197 0.579 100.01 9.6 427.33 357.6
006298 0.105 0 0 321.78 225.55
006317 0.379 387.23 316.25 500 375
006327 0.618 255.34 112.42 334 500
006334 0.873 61.06 176.66 193.36 252.88
006388 0.154 0 59.72 435.31 283.02
006405 0.548 56.3 161.99 360.05 266.49
006407 0.953 37.87 86.48 369.11 345.01
006601 0.718 135.75 98.58 349.61 272.43
006723 0.363 81.52 63.66 500 223.16
006913 0.443 13.66 120.47 403.6 240.37
006986 0.421 245.83 32.16 329.35 113.76
006986 0.83 92.46 35.97 216.92 106.97
006986 0.658 0 46.76 89.28 120.46
006992 0.644 243.25 137.05 488.25 256.65
006992 0.64 150.49 57.97 257.65 193.67
006992 0.181 54.83 156.53 136.67 267.71
006992 0.68 1.4 271.46 40.76 375
007111 0.756 123.62 140.42 434.27 219.54
007156 0.902 456.76 114.65 500 219.05
007156 0.975 312.16 119.46 456.16 223.41
007156 0.375 233.67 147.34 311.06 203.98
007164 0.515 423.78 177.33 499.26 218.43
007242 0.872 33.2 0 482.64 362.78
007367 0.87 135.96 187.15 274.14 233.15
007405 0.791 366.49 119.34 486.46 251.88
007405 0.183 138.52 132.74 358.52 241.94
007405 0.57 79.62 145.57 142.34 190.16
007495 0.182 162.24 87.7 429.99 361.93
007510 0.053 44.42 49.14 434.42 375
007510 0.079 0.2 159.56 48.96 342.71
007573 0.447 183.93 0 467.51 291.54
007573 0.335 78.03 170.0 132.57 260.95
007573 0.909 22.25 125.42 51.14 174.14
007591 0.709 27.57 78.44 333 418.34
007674 0.69 0 74.0 500 222.0
007674 0.544 486.53 139.62 500 234.62
007690 0.489 51.7 30.38 426.66 251.73
007818 0.505 331.65 109.21 377.71 165.33
007858 0.427 407.63 72.61 500 244.29
007858 0.662 473.11 93.35 490.21 152.51
007912 0.077 75.44 60.62 500 276.86
007944 0.733 0 11.7 498.75 184.74
007949 0.965 463.13 230.55 500 263.7
007949 0.589 392.7 177.54 489.7 263.94
007949 0.834 268.24 181.56 380.56 300.32
007949 0.387 170.99 165.21 287.38 306.91
007949 0.494 0.73 144.1 182.17 331.1
007951 0.692 0 0 500 266.0
008088 0.827 6.1 0 446.12 364.56
008158 0.587 60.03 30.72 190.41 91.52
008212 0.661 152.26 208.03 239.41 244.69
008246 0.514 3.61 62.06 162.47 210.39
008246 0.461 175.38 57.56 327.18 168.92
008246 0.906 296.14 65.83 420.58 153.19
008264 0.792 0 3.25 500 240.61
008264 0.418 48.73 259.6 130.47 368.6
008337 0.049 36.93 41.35 500 368
008357 0.05 85.59 76.15 451.24 217.72
008366 0.073 75.97 24.89 475.81 342.02
008406 0.474 148.07 262.14 353.09 338.04
008448 0.207 340.9 252.88 450.88 325.15
008448 0.584 250.61 275.21 267.35 295.58
008464 0.687 141.73 269.23 183.85 298.99
008488 0.098 294.14 86.14 422.39 284.26
008546 0.723 0 81.12 292.05 320.97
008630 0.509 117.44 86.72 420.12 333
008642 0.551 129.37 94.45 500 343.45
008736 0.158 361.25 71.67 500 257.91
008782 0.095 129.74 138.55 410.96 289.42
008788 0.536 65.24 180.08 446.84 396.78
008798 0.352 277.8 120.62 500 354.62
008798 0.996 195.2 220.24 217.64 348.16
008798 0.05 199.66 194.05 213.76 240.11
008866 0.505 410.42 242.68 500 363.19
008895 0.448 7.12 121.61 190.72 286.91
008895 0.175 269.85 167.03 315.85 209.45
008895 0.749 232.08 169.97 256.26 193.89
008915 0.381 41.89 96.2 270.49 394.04
009021 0.709 12.32 20.6 273.25 447.88
009038 0.279 110.33 73.0 361.28 255.0
009062 0.487 113.73 131.32 429.61 218.02
009092 0.712 230.19 120.49 369.39 249.19
009092 0.991 336.65 212.61 393.98 262
009111 0.3 315.74 178.16 500 334
009111 0.882 421.13 139.32 452.48 217.08
009122 0.676 290.48 272.5 500 354.38
009188 0.494 0 76.93 487.19 288.53
009261 0.547 365.82 283.88 410.44 333.32
009265 0.755 354.9 0 500 324
009265 0.973 0 156.13 32.0 304.94
009265 0.068 232.08 0 500 324
009298 0.226 357.71 302.2 500 375
009304 0.723 280.06 13.29 480.0 331.95
009304 0.591 162.13 131.6 277.7 264.46
009314 0.246 177.62 194.07 310.1 334.83
009322 0.499 204.83 186.13 232.13 222.88
009384 0.618 312.3 295.0 343.8 337.3
009387 0.617 200.3 235.8 362.3 271.9
009498 0.32 95.19 61.49 333.47 302.51
009510 0.723 0 81.94 397.12 183.47
009530 0.823 193.02 244.62 283.66 273.78
009555 0.432 286.35 124.6 420.75 142.75
009643 0.436 209.36 195.38 306.36 245.06
009683 0.97 54.51 103.16 372.83 274.88
009704 0.728 62.66 131.94 295.44 248.22
009806 0.963 188.47 35.43 387.76 290.98
009936 0.068 205.78 52.08 403.78 237.92
