000004 0.449 7.04 307.84 78.75 355.78
000004 0.399 464.67 286.34 500 340.62
000004 0.159 228.37 328.14 325.39 372.79
000004 0.821 171.07 324.0 246.53 362.11
000004 0.122 141.4 318.4 189.9 358.96
000004 0.419 110.27 325.98 153.11 352.3
000004 0.826 85.7 323.97 123.07 350.7
000014 0.7 153.5 187.29 455.9 303.19
000014 0.299 416.25 182.69 495.21 224.27
000014 0.025 158.94 196.2 253.58 247.43
000071 0.864 82.77 77.39 464.77 290.32
000074 0.837 83.85 65.22 500 276.12
000082 0.236 31.89 86.23 500 272.79
000082 0.363 15.63 1.61 229.87 92.09
000103 0.722 0 238.24 46.0 273.59
000103 0.822 30.31 231.09 89.31 259.3
000103 0.124 49.22 244.89 93.32 291.99
000103 0.219 183.82 217.43 203.82 230.69
000103 0.776 201.68 211.77 213.44 223.65
000103 0.914 180.77 210.81 209.08 226.98
000103 0.675 56.98 223.81 96.5 239.71
000103 0.781 30.44 227.28 63.72 236.28
000103 0.578 0.48 228.93 27.16 240.09
000135 0.054 85.12 237.81 179.36 289.16
000137 0.91 89.4 433.48 158.08 489.64
000152 0.576 58.8 94.81 126.84 148.34
000152 0.379 421.26 86.83 500 151.09
000152 0.405 206.97 99.1 343.61 142.78
000152 0.183 249.52 22.12 500 328.64
000172 0.912 9.36 70.02 440.63 329.01
000188 0.933 409.95 140.05 500 210.05
000188 0.45 0 153.76 131.1 201.5
000197 0.329 300.93 209.26 500 373.69
000240 0.644 245.85 171.4 436.6 229.22
000240 0.014 68.43 156.72 150.99 227.56
000240 0.768 373.12 154.68 418.06 180.33
000240 0.61 146.3 166.72 191.3 188.06
000252 0.831 190.09 173.77 285.88 251.15
000254 0.998 217.02 248.02 472.78 332.62
000254 0.22 13.35 209.38 209.35 333
000254 0.66 156.62 252.96 230.06 319.29
000254 0.53 24.76 232.69 77.96 258.21
000254 0.756 42.91 246.88 69.01 275.88
000271 0.293 487.15 211.48 500 264.83
000284 0.8 189.53 84.05 414.19 249.59
000293 0.852 498.31 203.92 500 375
000293 0.814 67.57 60.74 124.27 97.74
000300 0.472 51.4 196.84 330.4 428.89
000301 0.506 39.2 288.66 375 467.22
000301 0.933 0 298.31 116.48 325.57
000301 0.407 0 334.74 25.25 359.18
000313 0.714 10.63 195.24 86.11 235.64
000313 0.901 72.42 190.19 133.14 234.88
000313 0.435 175.9 237.64 210.1 271.24
000313 0.948 210.29 198.92 259.76 240.26
000313 0.145 285.65 196.72 337.1 233.52
000313 0.767 423.37 191.38 469.39 248.57
000313 0.066 416.39 198.6 488.1 240.84
000341 0.166 415.99 208.7 500 337
000341 0.778 190.74 134.19 308.55 213.25
000341 0.325 0.91 77.05 191.83 184.25
000341 0.283 0 191.63 94.94 328.62
000351 0.853 2.97 27.74 332 162.14
000358 0.012 80.95 93.93 358.09 270.57
000361 0.095 210.38 185.29 278.69 235.43
000361 0.848 469.97 115.64 500 143.77
000390 0.711 48.66 43.44 484.26 350.11
000402 0.063 0 47.22 361.95 244.62
000402 0.198 461.25 201.62 500 220.32
000402 0.864 92.67 135.42 193.3 194.3
000415 0.964 14.39 110.74 500 279.52
000425 0.246 48.9 35.34 500 333
000440 0.43 19.28 73.97 411.74 310.35
000453 0.721 0 0 500 102.07
000465 0.316 0 145.83 500 327.83
000471 0.566 41.69 52.25 498.53 297.25
000488 0.684 366.72 212.97 500 342.9
000505 0.421 197.0 65.83 406.04 173.98
000505 0.071 229.0 90.5 392.2 206.75
000505 0.116 179.43 158.9 389.19 291.77
000507 0.978 3.5 123.24 492.51 370.44
000529 0.191 424.85 238.3 461.12 256.3
000548 0.218 16.0 190.63 475.9 332.63
000580 0.999 180.7 128.57 244.83 198.87
000585 0.446 22.66 6.51 500 333
000585 0.042 0 12.64 189.2 149.8
000586 0.257 170.54 337.29 301.58 439.26
000593 0.98 1.18 107.87 20.38 272.03
000593 0.695 97.46 85.41 398.42 262.05
000593 0.076 236.86 85.84 296.86 117.15
000593 0.768 271.84 62.17 500 218.93
000602 0.042 83.03 326.63 333.41 333
000607 0.631 250.61 141.88 470.79 313.01
000607 0.463 0 152.45 63.48 291.95
000624 0.859 56.17 43.04 455.66 315.52
000634 0.347 239.37 149.1 415.91 221.82
000646 0.647 201.42 27.08 413.28 99.46
000646 0.474 385.73 44.05 486.43 248.42
000646 0.113 0 42.55 79.8 237.57
000646 0.078 0 0 500 375
000649 0.822 15.76 189.02 266.98 339.14
000669 0.183 293.15 198.71 410.57 243.36
000669 0.955 274.54 205.38 317.44 234.54
000669 0.512 487.99 129.3 500 337.59
000679 0.168 0 26.05 398.72 120.59
000687 0.295 369.61 30.02 484.56 86.73
000687 0.65 204.78 0 426.18 119.52
000687 0.343 253.05 29.43 331.8 74.12
000687 0.622 187.62 39.95 233.63 64.1
000687 0.06 175.38 42.3 187.14 58.5
000687 0.691 90.13 36.32 142.93 63.76
000687 0.184 21.01 40.75 69.77 60.77
000687 0.572 0 0 500 220.22
000693 0.469 91.0 287.47 289.72 369.86
000693 0.61 374.28 171.0 484.39 226.62
000693 0.958 170.93 171.92 261.02 242.32
000693 0.799 0 200.0 105.6 288.0
000715 0.934 0 0 290.78 266.77
000715 0.35 452.35 280.06 499.43 375
000719 0.657 1.18 153.44 21.88 190.16
000721 0.784 0 230.79 264.42 311.19
000724 0.287 69.01 96.19 500 371.18
000727 0.182 275.37 370.14 324.33 388.76
000727 0.471 1.22 376.2 95.18 430.1
000727 0.762 51.83 366.36 94.06 389.9
000727 0.721 114.74 138.96 160.33 164.18
000736 0.753 1.01 28.12 458.25 296.96
000743 0.707 36.25 309.13 52.06 319.78
000747 0.849 16.74 0 449.04 291.0
000757 0.489 27.13 0 476.41 289.52
000778 0.61 70.02 104.68 407.27 245.29
000788 0.233 57.07 19.45 74.36 32.32
000788 0.313 3.48 19.94 30.78 33.07
000801 0.071 59.7 135.72 230.78 221.82
000801 0.166 312.0 120.23 338.0 130.79
000809 0.763 263.66 114.77 486.86 209.71
000809 0.84 107.18 111.91 147.17 126.46
000809 0.659 0 126.16 145.2 199.31
000809 0.679 0 127.92 475.65 270.01
000844 0.864 90.09 53.24 410.85 281.9
000881 0.553 247.62 156.6 438.36 247.6
000881 0.699 342.89 105.34 385.13 114.3
000883 0.232 316.38 0 441.99 250.71
000894 0.077 7.58 88.67 38.78 106.11
000894 0.054 60.11 89.47 76.85 105.52
000932 0.634 0 262.15 500 333
000945 0.124 43.13 89.57 417.84 230.0
000961 0.708 343.19 138.92 373.26 202.52
000961 0.245 314.41 121.43 363.85 172.66
000961 0.331 307.89 127.84 317.07 156.64
000961 0.798 283.18 135.61 301.42 170.8
000961 0.882 281.73 130.49 297.03 147.93
000984 0.415 174.77 301.44 197.78 319.08
000984 0.119 1.22 321.78 35.63 362.48
000984 0.914 238.25 298.88 326.6 346.58
000985 0.747 5.49 0 500 330.15
001003 0.518 115.56 106.86 374.76 249.74
001005 0.671 16.61 154.78 237.41 271.41
001022 0.321 0 295.31 500 305
001034 0.354 176.29 192.76 450.21 309.16
001058 0.321 1.96 95.68 415.56 220.35
001063 0.263 476.2 298.9 480 318
001063 0.186 79.62 175.3 227.94 241.3
001080 0.73 135.27 211.99 190.89 253.99
001085 0.796 52.46 0 401.14 293.02
001090 0.558 0 246.3 500 321.82
001111 0.839 423.52 257.7 459.52 298.0
001111 0.317 111.65 242.79 174.35 287.94
001111 0.111 184.4 257.2 206.71 270.85
001111 0.302 89.73 249.68 116.61 275.16
001134 0.655 336.65 135.69 500 362
001135 0.638 159.79 79.54 383.65 259.06
001155 0.592 261.36 310.74 449.1 375
001198 0.345 0 25.68 450.47 366.08
001198 0.975 383.06 118.17 488.9 184.41
001222 0.446 121.69 169.37 455.56 320.17
001222 0.453 109.04 150.5 234.16 203.5
001252 0.821 74.25 69.64 468.01 327.38
001267 0.593 302.71 207.78 475.61 301.86
001267 0.074 126.54 206.29 182.72 241.81
001280 0.169 86.77 82.66 500 317.98
001283 0.528 244.79 149.24 400.99 201.76
001291 0.516 20.3 0 500 375
001308 0.265 0 0 447.7 375
001308 0.844 402.85 56.31 478.82 107.76
001308 0.251 400.7 49.25 452.95 73.43
001318 0.524 168.77 225.23 186.05 238.11
001321 0.216 20.57 96.12 480.12 319.37
001328 0.296 0 0 293.82 367.2
001331 0.448 57.44 17.27 409.52 310.45
001331 0.639 448.75 120.82 498.73 224.86
001331 0.955 303.03 93.92 371.43 141.48
001335 0.507 6.15 184.85 100.91 274.74
001356 0.497 23.63 60.53 500 281.88
001356 0.379 0 56.12 94.05 187.72
001358 0.471 337.9 6.96 425.3 46.55
001369 0.461 0 94.36 301.67 416.4
001369 0.177 25.23 47.24 304.27 152.52
001376 0.726 386.27 241.73 430.99 272.09
001379 0.979 367.59 122.8 500 375
001382 0.89 113.28 231.85 312.96 333
001382 0.219 310.3 253.01 440.68 318.11
001382 0.013 425.74 261.82 496.84 333
001382 0.281 289.82 226.86 461.42 268.26
001382 0.873 280.89 248.01 327.69 289.43
001382 0.114 17.69 231.9 108.47 291.26
001394 0.586 107.71 10.19 483.07 273.87
001403 0.873 315.2 90.23 354.2 136.97
001403 0.754 197.44 97.83 279.89 149.53
001422 0.791 66.84 102.09 413.35 306.46
001428 0.884 232.19 133.69 381.65 216.85
001428 0.516 282.64 108.37 333.24 133.09
001435 0.806 396.18 308.56 500 369.36
001435 0.802 0 313.18 219.88 368.36
001435 0.287 20.0 176.65 109.24 207.69
001435 0.156 142.3 183.4 232.3 224.25
001435 0.507 226.0 187.74 335.98 227.3
001435 0.047 299.7 180.0 379.78 206.26
001435 0.389 398.89 173.04 479.08 215.04
001435 0.796 460.06 178.79 488.77 209.51
001435 0.603 228.39 173.41 308.47 190.53
001435 0.057 101.04 173.89 173.4 200.62
001476 0.442 253.06 104.27 307.6 128.47
001476 0.625 328.32 101.88 406.53 135.8
001491 0.357 0 105.94 195.03 244.99
001491 0.301 90.62 111.2 457.82 288.65
001491 0.682 400.94 4.34 469.58 92.5
001511 0.931 55.17 47.24 500 266.2
001525 0.417 146.01 157.11 314.49 233.08
001535 0.02 217.16 151.23 389.16 232.57
001550 0.132 0 342.53 500 375
001550 0.618 425.8 108.63 500 165.31
001552 0.954 0 50.7 436.17 375
001552 0.911 4.28 67.98 144.44 246.06
001560 0.975 67.18 72.12 437.74 305.8
001569 0.916 256.64 157.68 345.68 210.59
001569 0.479 12.0 133.09 131.21 177.37
001572 0.747 4.31 110.52 414.62 339.96
001572 0.81 0 128.04 147.25 229.02
001572 0.168 146.88 116.56 204.54 159.33
001572 0.335 420.06 78.89 459.45 100.28
001572 0.123 444.36 145.07 490.91 159.47
001605 0.876 174.76 238.06 220.2 279.24
001605 0.792 311.84 225.26 336.8 252.14
001605 0.619 276.1 234.57 295.1 247.05
001605 0.871 275.31 240.09 289.47 250.89
001613 0.732 84.71 56.45 408.69 324.63
001616 0.741 46.42 196.07 130.7 275.57
001619 0.963 163.08 14.42 489.31 162.62
001623 0.568 0 102.15 329.66 387.75
001623 0.658 0 173.26 57.0 259.37
001626 0.399 454.11 167.75 492.87 194.5
001652 0.622 160.95 157.64 194.74 178.64
001658 0.361 212.55 17.41 373.37 45.49
001658 0.166 117.36 51.61 204.76 143.17
001658 0.302 103.06 92.83 443.32 366.42
001658 0.324 372.75 44.69 498.41 183.79
001700 0.628 247.07 139.11 329.52 196.35
001701 0.437 0 0 453.6 334
001770 0.703 101.0 329.54 130.7 347.74
001770 0.495 64.15 334.89 102.3 359.85
001770 0.746 15.72 356.86 49.05 372.5
001776 0.299 0 116.26 372.36 315.76
001804 0.611 62.27 22.3 399.39 292.06
001820 0.541 62.22 48.95 373.44 286.6
001838 0.372 79.8 49.31 500 319.09
001846 0.642 142.53 35.65 500 254.89
001851 0.97 42.07 69.8 94.6 110.2
001851 0.596 17.8 68.04 35.44 87.66
001857 0.352 365.77 5.55 500 375
001863 0.407 190.59 86.38 451.63 297.53
001873 0.17 194.38 74.7 429.71 223.42
001883 0.808 101.39 67.63 446.38 313.06
001891 0.87 77.75 51.14 424.31 375
001908 0.065 135.78 46.73 333.18 237.83
001913 0.587 0 14.88 308.05 104.88
001919 0.278 215.2 87.54 354.85 223.43
001923 0.663 0 154.82 374.92 334
001923 0.919 246.18 104.84 293.18 138.18
001924 0.243 62.03 124.03 444.35 294.53
001924 0.355 393.92 85.82 500 236.48
001935 0.126 375.18 179.55 445.26 214.86
001942 0.972 84.51 41.58 483.03 333
001942 0.369 347.05 0 500 75.19
001951 0.1 106.01 29.45 365.75 285.13
001956 0.27 170.45 113.08 456.89 282.62
001965 0.027 10.6 44.2 191.08 272.46
001965 0.892 0 0 487.19 409
001991 0.492 0 110.74 354.05 328.9
001991 0.745 311.67 78.9 500 197.34
002040 0.688 113.05 61.68 445.81 336.96
002040 0.354 363.72 17.68 484.32 107.32
002041 0.159 30.7 170.03 181.76 304.87
002057 0.793 0 0 453.18 309.43
002118 0.544 1.0 288.18 175.84 334
002118 0.058 16.52 170.61 369.6 334
002118 0.211 0 151.01 493.56 309.66
002118 0.185 0 106.62 388.55 220.38
002118 0.01 342.32 153.84 500 297.72
002118 0.24 188.07 104.0 465.51 207.02
002118 0.681 19.16 85.72 90.14 113.22
002141 0.151 74.56 89.5 124.33 161.5
002141 0.84 0 138.29 48.6 178.28
002141 0.4 235.14 166.56 312.58 213.6
002141 0.962 290.81 113.65 315.29 161.11
002143 0.378 128.49 17.14 500 242.54
002149 0.316 129.09 173.93 500 275.13
002154 0.128 0 151.3 64.2 313.29
002154 0.985 5.21 87.47 190.04 203.39
002154 0.883 148.38 85.54 215.34 116.54
002154 1.0 0.6 97.0 44.16 135.11
002154 0.51 251.01 86.99 321.09 112.43
002154 0.449 407.11 90.05 465.43 142.07
002154 0.49 320.11 98.81 420.81 182.27
002154 0.084 63.87 108.8 373.95 320.8
002154 0.542 439.99 91.8 480.41 127.52
002177 0.83 164.13 229.59 227.64 305.19
002177 0.221 7.04 162.41 225.44 259.01
002177 0.222 2.18 170.0 141.3 299.0
002185 0.178 299.48 12.88 425.24 64.96
002210 0.444 6.76 70.49 365.44 328.02
002210 0.615 256.71 246.05 480.57 365.61
002223 0.09 295.98 218.84 320.55 247.4
002223 0.436 346.06 219.85 362.22 235.85
002223 0.86 215.69 228.7 248.33 255.45
002223 0.406 213.32 239.19 225.92 282.24
002232 0.581 388.24 232.63 480.39 282.13
002232 0.349 359.6 220.36 393.7 236.68
002232 0.151 458.26 232.99 492.56 251.23
002242 0.482 0 110.39 286.0 329.75
002242 0.86 419.5 134.94 500 191.06
002245 0.353 433.68 185.83 470.88 213.13
002245 0.713 118.68 251.24 229.28 302
002245 0.918 5.16 204.88 65.01 249.88
002271 0.3 115.34 99.96 350.96 210.17
002294 0.626 0 0 472.15 358.38
002319 0.911 68.47 178.89 375 439.29
002319 0.481 0 267.11 148.93 435.37
002331 0.359 17.4 60.28 83.19 128.9
002331 0.236 71.05 51.71 122.55 98.26
002331 0.336 168.49 58.59 196.84 98.92
002331 0.941 225.9 60.36 297.98 100.26
002331 0.264 295.35 54.56 372.57 96.27
002346 0.491 73.79 89.02 407.09 303.22
002349 0.341 158.03 171.18 299.81 256.98
002358 0.278 221.31 206.16 281.76 225.16
002370 0.438 395.3 190.04 434.89 207.52
002370 0.726 355.32 175.95 389.88 213.78
002383 0.659 338.96 175.65 376.96 205.52
002383 0.137 379.03 176.84 402.55 200.76
002383 0.289 0.86 209.83 30.82 251.24
002402 0.403 389.71 0.93 483.64 73.2
002402 0.111 88.54 53.42 500 233.92
002406 0.206 225.33 166.65 441.93 235.52
002416 0.915 62.4 21.18 424.0 246.94
002418 0.126 426.96 195.57 480.96 203.73
002424 0.116 401.98 219.16 498.1 287.83
002446 0.083 273.5 112.78 413.24 217.5
002446 0.404 20.63 149.84 149.27 230.03
002446 0.653 307.68 152.44 430.4 225.4
002484 0.201 81.07 252.7 115.95 275.24
002484 0.284 117.15 250.08 139.46 272.64
002484 0.332 141.47 247.82 179.97 273.86
002484 0.326 203.54 252.92 266.9 293.32
002484 0.903 247.07 250.87 278.07 281.11
002484 0.014 330.37 241.34 393.55 302.96
002517 0.607 94.0 79.56 454.5 295.56
002522 0.21 31.63 0 481.17 271.26
002526 0.333 85.3 96.87 406.48 230.19
002531 0.697 19.65 79.37 468.97 320.57
002531 0.452 5.24 91.68 130.32 224.55
002532 0.643 108.61 176.44 156.91 207.34
002532 0.322 71.36 173.52 114.14 207.31
002543 0.202 263.32 232.43 487.8 328.31
002543 0.728 1.25 256.87 240.95 330.19
002543 0.5 242.29 254.45 302.45 300.53
002543 0.115 166.89 251.28 240.73 275.02
002543 0.846 0 265.0 89.06 294.12
002543 0.958 5.7 260.5 35.7 300.5
002548 0.118 243.01 115.0 346.24 214.51
002548 0.506 27.33 74.59 249.81 232.99
002548 0.541 381.38 120.88 500 214.72
002556 0.927 0 0 448.63 313.14
002562 0.3 17.23 59.76 500 303.36
002577 0.203 19.0 30.61 451.0 297.89
002583 0.916 416.32 170.3 500 265.13
002602 0.437 56.12 0.04 489.2 66.04
002607 0.61 115.57 108.03 339.79 196.32
002610 0.156 150.67 266.44 402.95 337.51
002622 0.497 267.61 290.58 319.45 324.42
002622 0.948 222.48 296.56 266.66 327.92
002622 0.531 187.44 303.73 229.44 332.73
002622 0.197 158.04 306.46 189.32 326.26
002622 0.509 16.11 309.95 86.96 330.65
002650 0.226 319.74 32.87 354.76 50.35
002681 0.532 0 162.57 301.44 460.67
002701 0.329 335.62 261.39 500 318.81
002701 0.768 121.48 265.32 293.48 317.96
002703 0.241 234.97 191.29 278.37 210.2
002729 0.939 0 22.07 469.04 333
002733 0.534 70.41 46.31 488.0 241.61
002740 0.331 163.03 0 434.69 219.24
002746 0.58 347.34 16.22 500 134.91
002750 0.171 473.77 127.51 500 192.19
002750 0.209 233.18 130.06 257.42 142.18
002752 0.055 184.56 142.39 335.52 193.27
002752 0.533 180.68 135.95 203.18 191.6
002758 0.565 281.12 174.86 336.24 238.46
002758 0.18 369.07 163.51 426.31 216.55
002758 0.414 378.3 196.82 500 375
002758 0.388 182.23 170.4 262.98 234.75
002758 0.253 34.58 159.97 173.29 251.64
002789 0.398 461.34 174.13 489.68 183.73
002789 0.707 374.26 175.63 398.18 182.56
002789 0.534 316.09 172.15 337.25 183.15
002789 0.226 237.26 173.25 258.46 181.98
002790 0.417 62.61 250.02 141.61 309.8
002793 0.119 0 254.03 132.48 296.14
002793 0.499 137.65 246.56 299.65 290.42
002808 0.469 250.22 65.08 333 139.06
002808 0.132 0 139.82 67.16 222.27
002808 0.987 42.41 130.07 96.0 188.37
002814 0.343 63.75 212.92 326.94 399.08
002829 0.54 74.66 35.59 500 276.23
002840 0.666 0 0 273.24 267.75
002871 0.689 1.81 237.1 74.33 285.4
002900 0.438 151.99 47.16 327.76 187.02
002920 0.1 241.56 168.38 258.05 209.33
002927 0.755 23.73 52.73 490.69 337.31
002927 0.366 500 30.34 500 133.54
002955 0.859 0 166.66 35.0 243.62
002961 0.757 33.91 21.19 475.27 333
002993 0.994 194.69 215.42 329.02 297.42
003006 0.645 367.26 182.34 500 270.66
003006 0.751 369.57 197.02 467.42 246.7
003006 0.323 300.16 206.26 374.85 249.26
003006 0.373 222.08 208.63 341.12 265.19
003006 0.728 180.53 206.5 234.59 250.6
003006 0.885 236.81 203.81 275.51 213.41
003006 0.119 138.2 207.84 183.8 244.56
003006 0.425 119.1 206.46 141.57 231.03
003033 0.531 129.93 281.13 340 437.53
003046 0.561 21.48 72.47 500 337.28
003052 0.114 0 50.01 212.16 171.0
003052 0.655 101.08 53.02 262.4 128.28
003055 0.428 161.85 131.13 341.37 197.62
003070 0.298 383.5 227.49 461.26 263.79
003070 0.254 57.68 189.04 78.92 202.48
003070 0.904 4.08 173.73 43.68 229.37
003070 0.824 85.45 172.93 217.06 225.01
003070 0.176 103.68 161.27 382.32 337.73
003101 0.409 235.66 189.15 252.3 199.23
003109 0.441 215.09 147.78 360.79 240.6
003128 0.158 163.06 141.0 275.92 209.31
003143 0.782 225.17 0 500 267.54
003168 0.571 263.88 14.72 474 204.11
003179 0.869 324.1 268.6 500 375
003217 0.256 88.35 105.54 500 307.19
003220 0.679 0 231.29 64.8 292.93
003220 0.894 54.41 243.76 121.99 295.17
003220 0.193 83.59 244.81 157.42 295.57
003220 0.223 165.94 241.2 200.62 282.8
003220 0.141 167.22 227.83 243.44 280.35
003220 0.973 241.77 245.63 302.67 279.83
003220 0.069 291.6 247.87 345.66 281.66
003220 0.462 324.82 246.28 368.92 274.1
003220 0.015 403.95 249.3 429.87 271.38
003220 0.294 379.92 241.62 407.28 282.23
003220 0.97 408.23 264.36 444.35 300.76
003234 0.736 329.66 51.83 500 340.79
003257 0.641 0 3.04 412.5 52.44
003257 0.177 36.53 31.06 445.13 240
003265 0.654 169.25 254.04 328.4 375
003265 0.276 382.74 276.29 491.64 360.03
003265 0.453 8.54 270.67 83.0 329.57
003276 0.966 0 66.07 459.36 375
003289 0.421 30.74 216.73 102.52 244.27
003289 0.934 389.92 211.56 451.12 248.36
003302 0.918 312.81 246.18 340.35 273.48
003306 0.97 11.52 114.28 388.88 299.92
003321 0.657 437.98 148.73 486.58 189.15
003321 0.625 250.43 146.92 317.21 186.65
003321 0.355 244.84 167.0 274.71 190.98
003321 0.282 182.99 175.62 212.56 193.44
003321 0.77 38.88 156.56 87.6 173.28
003328 0.983 216.33 154.32 439.11 332.82
003334 0.778 35.02 90.52 380.82 285.0
003334 0.144 241.38 58.56 478.52 195.72
003348 0.47 185.28 219.19 430.0 352.03
003348 0.25 9.32 261.24 92.52 307.02
003348 0.991 79.77 262.56 129.59 299.8
003348 0.266 117.24 265.97 151.44 301.17
003353 0.222 100.65 131.07 286.29 241.65
003357 0.736 57.52 81.5 500 285.02
003357 0.492 439.43 48.06 500 169.86
003357 0.375 246.92 44.7 450.75 122.4
003357 0.009 151.64 53.08 289.34 98.62
003357 0.509 2.06 52.36 220.42 231.05
003364 0.555 76.06 113.85 447.35 313.53
003375 0.661 81.12 107.94 387.03 278.11
003385 0.54 143.62 80.81 220.97 144.05
003385 0.63 350.88 84.57 457.7 132.1
003385 0.918 312.94 237.2 500 332
003385 0.218 1.38 90.9 171.48 315.38
003387 0.31 61.48 100.66 443.08 234.1
003405 0.296 31.29 131.92 277.39 265.27
003414 0.15 66.06 116.6 434.34 309.51
003414 0.123 72.99 132.67 164.79 172.44
003414 0.281 92.58 122.61 231.3 175.96
003434 0.908 16.88 168.92 57.44 197.54
003456 0.124 29.89 9.98 500 325.38
003460 0.515 217.18 136.68 500 375
003476 0.92 0 333.54 261.0 368.12
003476 0.843 379.9 367.08 466.82 375
003481 0.806 439.77 207.97 470.93 220.78
003481 0.764 310.15 248.51 351.95 271.91
003481 0.759 262.91 249.82 329.15 302.67
003481 0.519 281.59 308.53 339.27 339.28
003483 0.398 0.5 166.79 473.6 330.41
003486 0.61 13.29 106.54 195.57 178.15
003486 0.417 0 98.96 333 448.56
003501 0.529 135.81 0 453.0 254.8
003503 0.656 424.67 201.9 473.51 238.7
003503 0.326 0 185.97 106.05 243.54
003512 0.434 320.37 86.69 469.49 223.33
003515 0.017 41.6 42.37 495.28 345.39
003517 0.74 33.83 147.72 118.22 232.77
003523 0.283 167.33 139.19 345.33 284.16
003527 0.763 203.8 293.33 349.4 440.21
003527 0.515 162.84 268.45 200.3 286.09
003545 0.434 110.11 0 382.11 206.08
003552 0.852 0 65.11 500 285.43
003553 0.044 4.87 123.52 500 350.36
003553 0.01 0 244.43 59.36 303.43
003559 0.804 50.34 200.88 419.85 317.12
003569 0.836 369.45 157.25 392 199.82
003570 0.062 45.5 122.42 425.88 350.42
003578 0.466 121.93 119.11 336.13 266.51
003578 0.622 266.32 137.8 372.37 325.28
003578 0.941 200.49 160.06 313.19 257.06
003578 0.058 143.55 195.0 259.94 254.45
003578 0.794 0 167.92 94.83 203.56
003578 0.234 3.47 168.87 41.47 195.03
003578 0.552 275.44 147.12 325.79 165.3
003607 0.88 24.56 0 375 500
003630 0.356 188.8 138.16 328.72 199.25
003631 0.316 31.84 16.24 333.37 309.19
003631 0.271 11.19 83.78 125.04 145.53
003631 0.929 5.56 72.15 71.22 123.45
003661 0.724 159.72 299.64 479.49 447.88
003666 0.357 63.44 37.82 500 249.67
003677 0.662 0 63.49 360.5 198.11
003683 0.212 25.85 0 488.06 334.4
003692 0.867 129.03 190.83 187.32 230.43
003692 0.767 265.46 183.92 334.58 227.52
003692 0.391 55.39 191.18 105.21 230.4
003692 0.164 441.36 189.17 497.04 223.01
003692 0.061 0 227.36 73.96 245.07
003692 0.309 170.23 203.97 244.85 228.22
003692 0.109 327.84 205.93 362.04 227.49
003692 0.081 409.17 208.15 442.15 228.86
003701 0.476 45.71 268.85 159.84 342.11
003718 0.047 0 35.01 499.0 333
003719 0.327 52.93 25.68 500 375
003733 0.021 61.37 111.4 228.77 256.36
003733 0.802 227.98 98.69 469.9 240.63
003733 0.942 433.7 144.85 497.7 225.21
003746 0.337 314.15 83.99 382.4 120.29
003769 0.515 41.45 121.2 319 338.55
003769 0.183 285.7 128.2 315.73 205.58
003769 0.782 215.03 101.56 290.63 121.16
003769 0.326 101.93 98.04 235.05 121.7
003769 0.072 13.76 102.32 143.96 131.16
003810 0.115 40.22 73.84 89.24 227.02
003815 0.185 185.55 118.08 455.05 215.73
003833 0.811 298.72 0 447.05 67.08
003833 0.443 130.32 12.62 283.32 73.1
003878 0.783 67.72 37.44 500 375
003893 0.303 9.88 130.18 311.03 294.4
003904 0.202 389.5 149.17 480 287.17
003916 0.503 0 103.85 129.06 339.69
003917 0.528 0 130.0 288.04 299.85
003940 0.379 89.78 71.88 445.94 184.08
003940 0.228 337.71 92.51 479.81 134.4
003962 0.364 11.04 13.72 373.88 361.54
003967 0.463 177.24 147.99 191.1 165.09
003967 0.507 174.64 156.45 192.64 175.35
003967 0.423 177.81 179.42 212.69 212.9
003967 0.043 281.73 118.03 324.3 140.13
003967 0.669 237.17 115.41 271.85 132.69
003967 0.978 361.59 199.13 400.81 233.81
003967 0.013 90.0 121.24 117.55 136.69
003967 0.989 37.0 143.68 67.74 171.49
004001 0.402 469.68 174.61 500 229.51
004026 0.103 129.16 155.09 296.97 290.99
004026 0.039 43.12 134.02 112.7 179.6
004030 0.049 317.89 202.88 490.93 335.38
004043 0.646 163.66 121.85 363.61 267.55
004050 0.065 10.59 26.15 479.94 328.4
004071 0.247 66.68 32.94 500 339.98
004080 0.16 112.18 109.03 422.14 244.37
004088 0.154 141.61 326.12 320.37 410.92
004097 0.699 406.36 146.46 500 204.6
004104 0.726 0 326.15 34.1 409.57
004107 0.276 111.86 255.77 407.31 342.22
004115 0.056 128.75 194.83 333.77 317.59
004147 0.905 87.32 181.48 361.72 259.88
004154 0.014 4.93 211.68 119.17 301.44
004154 0.323 144.07 222.96 208.84 275.1
004154 0.147 265.7 223.54 284.9 254.28
004154 0.039 203.15 201.86 250.07 249.7
004154 0.959 252.7 214.44 278.62 241.7
004172 0.535 217.89 288.8 267.33 327.6
004183 0.551 85.73 67.49 500 356.87
004183 0.353 8.08 71.61 76.56 124.08
004187 0.826 211.91 309.73 297.35 369.65
004187 0.748 292.97 326.24 361.97 375
004187 0.272 311.75 331.98 500 375
004188 0.5 136.24 180.13 157.4 209.83
004188 0.885 113.14 126.04 145.78 158.94
004188 0.718 42.69 145.31 80.79 202.64
004216 0.47 302.72 189.36 385.12 244.56
004217 0.98 41.59 53.34 500 264.46
004240 0.996 83.89 364.68 273.17 456.24
004240 0.338 270.36 393.05 325.65 455.11
004245 0.898 94.59 137.83 500 338.71
004245 0.38 14.55 131.92 311.37 349.22
004249 0.427 0 61.0 279.11 205.15
004254 0.967 29.63 118.12 294.46 298.62
004254 0.363 0 108.06 105.8 205.91
004290 0.595 330.6 197.18 407.4 271.98
004290 0.067 1.35 190.56 40.29 288.57
004290 0.937 4.57 192.16 95.52 263.56
004305 0.925 342.89 274.08 397.97 309.72
004305 0.08 460.47 289.06 488.63 310.06
004305 0.079 0.52 284.24 33.5 308.39
004313 0.913 4.06 163.6 443.04 392.29
004320 0.221 161.87 167.62 329.07 263.41
004320 0.875 17.49 181.05 43.68 211.77
004335 0.422 112.54 84.51 342.94 304.83
004337 0.834 361.72 172.43 500 249.82
004337 0.364 265.57 177.32 407.99 228.08
004337 0.322 201.2 176.12 295.2 216.6
004337 0.409 153.88 168.04 239.24 205.64
004337 0.713 120.1 172.41 181.3 206.41
004337 0.72 151.13 167.74 208.07 223.98
004337 0.733 52.58 169.65 98.17 197.85
004337 0.03 37.81 171.31 89.75 193.87
004337 0.406 0 156.34 45.6 178.94
004337 0.851 2.19 172.88 16.75 187.43
004378 0.133 35.9 147.32 144.02 182.63
004378 0.715 318.98 12.33 375 305.48
004426 0.875 0 0 219.52 268.4
004426 0.772 31.19 16.14 142.55 71.94
004442 0.655 401.5 249.09 500 306.51
004442 0.669 223.51 251.72 240.97 264.32
004442 0.386 199.65 252.13 206.65 263.77
004453 0.04 73.57 62.32 432.01 303.34
004456 0.446 277.61 248.39 500 375
004458 0.754 88.09 161.95 430.25 264.95
004478 0.149 8.72 19.84 157.12 99.04
004478 0.255 125.65 29.54 240.04 70.03
004478 0.16 34.19 38.41 414.35 350.26
004492 0.957 96.44 0 389.12 159.08
004521 0.802 389.3 202.16 481.21 241.36
004521 0.281 240.71 195.05 272.39 212.33
004521 0.566 178.73 197.59 190.25 208.51
004521 0.085 155.58 194.61 177.18 213.14
004543 0.167 13.98 43.27 331.17 333
004543 0.471 250.09 45.99 500 231.21
004545 0.676 0 99.89 120.12 202.19
004554 0.855 92.25 0.72 499.1 263.36
004560 0.632 0 109.37 439.92 261.35
004560 0.94 145.4 62.18 430.91 149.54
004560 0.614 184.46 26.12 266.54 99.13
004560 0.629 5.61 58.67 94.89 113.79
004578 0.815 427.55 181.9 497.11 221.89
004580 0.332 340.8 263.93 397.36 315.87
004586 0.693 55.56 196.23 500 348.75
004596 0.332 0 5.49 372.4 459.97
004602 0.444 157.2 40.72 500 202.86
004615 0.694 315.32 388.87 368.9 448.27
004615 0.534 0 335.66 32.24 408.69
004650 0.705 407.03 97.93 489.59 240.07
004667 0.036 18.42 84.68 285.06 282.68
004667 0.299 265.74 56.72 500 290.15
004684 0.434 146.62 81.64 500 333
004688 0.508 8.57 52.38 500 365.89
004697 0.465 99.63 0 428.46 249.32
004731 0.355 340.59 86.19 453.99 176.28
004734 0.125 48.07 37.84 397.93 226.93
004745 0.476 59.14 16.8 490.06 273.42
004755 0.878 178.74 165.9 456.16 244.62
004762 0.454 484.0 156.41 496.54 183.96
004762 0.467 463.3 140.82 493.0 166.82
004763 0.316 5.58 0 187.03 47.04
004764 0.226 285.66 250.65 314.15 265.76
004764 0.954 268.27 244.04 291.67 258.68
004764 0.951 63.54 236.08 170.01 316.88
004764 0.317 11.66 251.65 41.74 290.41
004780 0.559 195.49 357.57 347.74 407.21
004780 0.363 17.85 379.22 140.73 425.23
004800 0.771 230.81 4.85 500 114.05
004804 0.94 209.74 37.07 268 102.17
004804 0.752 181.97 22.01 268 68.01
004806 0.97 62.38 203.89 329.92 297.82
004810 0.982 14.05 243.3 176.03 349.38
004810 0.61 177.78 221.84 251.04 289.68
004810 0.167 240.68 219.21 282.48 265.11
004810 0.249 259.62 199.72 310.58 244.44
004821 0.947 32.6 372.64 218.6 458.88
004844 0.13 178.29 386.49 257.85 432.84
004844 0.034 8.44 386.91 180.7 483.92
004844 0.716 153.87 380.58 210.99 421.62
004844 0.04 31.76 385.74 107.66 420.72
004860 0.428 6.55 66.0 339.31 389.01
004870 0.222 0 0 116.0 96.0
004870 0.785 400.74 15.6 500 100.2
004891 0.855 277.03 130.54 500 271.94
004927 0.234 85.38 25.72 434.12 308.26
004933 0.256 144.52 160.59 221.15 200.19
004940 0.336 0 143.14 500 333
004959 0.943 107.47 93.86 184.42 132.92
004959 0.501 112.51 0 298.65 310.47
004965 0.313 138.05 454.6 281 500
004965 0.64 152.77 417.68 281 500
004981 0.518 86.79 113.7 346.65 375
004989 0.852 25.77 252.78 47.4 266.08
004996 0.33 84.92 98.03 500 375
005005 1.0 86.5 178.38 461.87 296.68
005021 0.681 60.06 117.59 469.9 262.59
005030 0.175 0 165.49 389.58 286.13
005030 0.974 0.98 87.53 42.8 183.48
005035 0.994 49.65 27.55 500 276.84
005035 0.521 436.1 19.82 500 69.31
005035 0.883 5.59 21.15 52.39 97.59
005041 0.17 446.0 175.36 500 232.56
005041 0.088 320.47 167.28 391.09 231.08
005041 0.644 360.77 157.09 500 370.73
005074 0.847 346.24 198.37 435.05 248.05
005074 0.148 417.02 226.98 498.78 259.3
005074 0.921 322.69 196.3 349.01 221.78
005074 0.201 86.37 190.28 145.08 207.02
005074 0.07 18.4 189.92 77.57 220.61
005074 0.239 56.74 199.12 110.5 224.6
005083 0.524 0 70.2 500 252.9
005091 0.764 140.85 195.18 336.21 333
005091 0.289 47.62 57.59 201.32 151.09
005091 0.947 64.09 24.9 240.97 73.65
005099 0.579 31.16 202.82 334 494.42
005105 0.484 7.29 113.75 500 359.0
005105 0.25 0 99.36 99.96 217.08
005125 0.296 74.76 59.58 470.91 330.21
005126 0.302 75.31 137.11 252.96 224.53
005142 0.231 60.52 58.12 500 332
005157 0.67 91.02 206.84 285.95 280.56
005157 0.652 31.71 172.05 65.37 202.41
005158 0.662 46.45 97.24 469.45 320.24
005163 0.888 0.57 7.16 78.67 101.92
005163 0.73 25.19 48.79 98.55 144.29
005166 0.835 41.74 41.99 425.87 262.31
005192 0.526 276.1 46.25 499.54 159.65
005192 0.237 72.28 0 500 303.85
005192 0.366 0 223.12 264.6 350
005204 0.066 161.58 128.04 387.82 209.52
005204 0.675 407.43 204.6 479.21 315.0
005275 0.113 0 128.6 468.3 346.6
005287 0.94 113.41 95.6 406.01 295.42
005296 0.534 22.82 225.49 372.62 364.37
005296 0.234 0 208.5 110.74 347.1
005316 0.895 78.14 209.76 457.34 375
005333 0.402 0 194.53 150.0 368.43
005357 0.049 0 208.2 410.06 361.99
005372 0.948 45.3 139.24 384.18 349.24
005381 0.68 214.85 482.88 329 500
005401 0.834 130.66 0 500 130.9
005432 0.273 17.22 113.28 306.5 375
005437 0.786 0 105.1 447.3 309.85
005443 0.256 237.38 216.78 330 352.98
005447 0.524 257.85 117.54 297.44 145.74
005447 0.923 385.52 128.41 474.56 166.21
005447 0.488 345.12 122.32 376.62 166.11
005447 0.156 338.42 128.19 366.14 149.57
005468 0.755 453.1 100.28 500 136.33
005468 0.793 372.44 97.38 488.84 217.38
005468 0.383 0 61.11 169.5 189.37
005484 0.006 394.13 185.94 438.13 218.58
005484 0.523 116.28 149.78 143.78 212.61
005493 0.579 46.2 56.85 480.34 257.85
005501 0.016 38.78 31.09 486.08 315.37
005520 0.569 16.55 12.7 334 229.78
005520 0.845 280.53 0 316.63 21.42
005520 0.309 229.96 0 276.6 22.26
005520 0.012 139.44 1.1 187.28 21.1
005520 0.317 180.8 0.36 225.42 20.38
005520 0.829 92.05 3.33 132.55 24.67
005520 0.652 57.14 6.7 99.98 27.7
005520 0.76 23.1 9.83 58.02 30.41
005520 0.957 0.08 12.25 23.4 29.73
005523 0.337 0 0 500 366.24
005546 0.32 151.52 274.26 236.27 345.66
005546 0.483 260.62 333.99 333 497.19
005558 0.386 72.69 0 426.93 305.76
005627 0.314 255.06 88.76 495.9 200.36
005627 0.084 125.5 94.03 368.0 188.53
005627 0.851 10.34 87.85 189.62 177.29
005627 0.58 0 91.34 62.98 155.54
005627 0.032 282.93 70.64 355.31 110.64
005627 0.281 444.14 75.23 496.58 125.21
005638 0.399 176.43 192.4 482.19 333
005649 0.58 102.58 108.88 428.98 303.55
005663 0.04 263.99 309.69 372.15 335
005663 0.545 38.01 177.19 79.35 195.81
005666 0.187 217.16 431.08 240.2 441.88
005678 0.383 137.46 0 436.26 152.28
005694 0.204 0 323.0 426.4 375
005706 0.806 56.86 193.09 468.46 329.86
005708 0.559 118.24 101.06 159.44 127.45
005717 0.242 0 47.98 36.4 75.22
005717 0.675 56.21 45.59 160.0 86.75
005717 0.399 117.74 54.86 177.54 64.94
005717 0.391 318.67 55.27 390.77 91.57
005717 0.848 7.34 70.68 70.06 157.88
005739 0.828 428.31 158.66 488.61 223.46
005746 0.171 23.68 188.57 186.04 281.85
005763 0.443 69.5 123.34 325.8 242.38
005770 0.231 73.73 101.48 455.73 268.96
005775 0.56 39.3 83.73 308.23 290.83
005793 0.945 54.22 42.7 448 296.46
005809 0.382 457.17 204.01 500 256.81
005809 0.256 43.67 209.44 111.65 253.04
005809 0.914 34.02 198.12 53.22 224.88
005809 0.745 98.67 207.43 120.89 233.68
005809 0.092 455.99 197.26 500 209.35
005835 0.269 0 0 500 164.8
005842 0.549 47.13 171.85 208.23 241.15
005842 0.588 40.84 228.01 352.84 309.28
005842 0.019 13.29 177.13 56.05 221.65
005862 0.342 0 0 385.28 202.41
005862 0.607 0 139.16 277.95 334
005869 0.866 51.37 235.88 117.25 289.44
005869 0.419 2.06 245.82 32.02 295.96
005869 0.299 456.57 245.76 499.32 282.48
005870 0.439 457.06 166.88 468.39 224.84
005904 0.168 36.75 132.21 476.02 269.75
005924 0.908 76.58 79.22 442.2 310.07
005924 0.197 0 137.45 41.34 228.35
005929 0.2 35.54 120.66 490.47 323.01
005932 0.215 305.46 299.15 385.26 328.91
005953 0.132 0 36.16 343.16 456.64
005959 0.818 0 0 441.64 225.33
005974 0.473 133.31 159.23 314.75 287.75
005987 0.712 79.1 84.92 347.42 271.76
006006 0.988 55.28 81.5 371.05 363.3
006016 0.225 37.46 25.12 500 260.02
006016 0.418 404.18 173.72 477.91 274.3
006017 0.001 36.36 94.41 499.67 375
006017 0.883 7.84 18.62 113.86 209.72
006017 0.058 401.23 71.6 440.29 95.6
006017 0.423 132.03 55.73 184.83 80.93
006019 0.668 18.32 96.55 500 375
006024 0.981 13.5 290.65 115.8 333
006034 0.931 6.28 45.59 281.66 139
006047 0.45 65.02 157.42 159.88 205.44
006047 0.574 153.85 153.87 237.01 194.05
006047 0.932 213.55 123.4 282.48 160.78
006047 0.48 279.0 141.69 330.87 183.54
006082 0.34 476.57 155.3 500 168.88
006082 0.886 345.41 168.43 393.92 189.02
006094 0.373 286.18 129.27 454.96 310.51
006109 0.963 43.18 264.81 140.55 308.46
006113 0.744 161.07 164.54 207.62 245.39
006121 0.498 49.17 150.97 209.4 212.62
006121 0.319 99.5 153.75 293.9 247.03
006121 0.444 67.98 231.03 308.94 375
006137 0.92 100.24 134.53 391.12 233.51
006155 0.26 385.17 170.13 483.02 211.53
006155 0.66 337.26 170.11 421.65 207.94
006155 0.422 284.69 166.48 365.54 202.48
006155 0.812 238.15 171.89 309.76 211.11
006155 0.04 203.58 162.55 241.2 192.71
006155 0.973 218.9 186.3 286.58 212.9
006155 0.747 149.37 170.74 210.34 194.66
006155 0.741 116.57 168.18 166.04 193.92
006155 0.884 94.7 169.55 165.98 185.93
006155 0.939 82.22 166.41 130.22 183.21
006155 0.41 68.65 167.57 102.65 182.27
006155 0.474 42.44 161.0 86.14 179.0
006155 0.725 17.07 166.64 64.77 181.06
006213 0.353 133.08 151.67 375 280.19
006228 0.8 0 48.96 483.36 375
006242 0.582 389.22 157.47 469.58 217.89
006242 0.779 286.9 151.27 363.4 207.37
006242 0.764 150.36 157.31 236.04 217.49
006242 0.68 38.06 152.57 135.91 214.18
006242 0.111 335.88 148.8 365.56 164.06
006246 0.4 0 0 480.2 375
006256 0.696 281.92 86.4 500 256.0
006256 0.784 61.28 73.82 391.54 273.77
006283 0.064 122.22 177.37 427.5 375
006283 0.299 19.09 128.77 51.09 193.87
006324 0.77 228.54 172.79 396.54 306.14
006324 0.378 137.46 263.8 202.06 287.74
006326 0.256 316.63 82.07 496.99 194.39
006326 0.264 0 223.13 207.76 375
006327 0.36 288.25 229.04 308.2 242.24
006327 0.05 45.34 219.68 75.48 243.14
006327 0.257 0.75 237.7 25.5 261.39
006331 0.07 127.9 100.4 397.0 298.0
006331 0.394 257.86 72.47 280.66 85.35
006333 0.555 18.7 39.7 451.0 274.6
006333 0.908 327.13 60.81 427.04 114.87
006333 0.044 435.62 97.0 494.5 152.0
006334 0.937 274.96 190.26 354.16 228.87
006334 0.077 282.16 199.32 325.36 241.32
006340 0.392 0 93.83 478.29 375
006358 0.279 462.83 206.55 496.78 235.67
006358 0.048 32.73 207.29 72.25 232.36
006358 0.571 101.59 207.0 148.91 230.1
006358 0.735 145.49 232.69 209.29 253.13
006358 0.045 208.18 208.34 241.43 227.54
006358 0.313 250.83 205.24 275.67 228.34
006358 0.45 287.77 194.56 332.91 229.06
006358 0.801 340.92 202.59 424.12 241.09
006358 0.388 66.28 201.01 96.64 225.39
006358 0.925 443.58 200.09 470.74 227.35
006358 0.07 447.56 167.81 467.11 207.18
006358 0.605 272.03 204.68 320.79 229.4
006358 0.677 252.1 207.24 269.77 225.64
006376 0.738 38.79 45.73 468.21 356.69
006383 0.791 11.03 8.4 431.51 136.24
006386 0.714 80.21 165.62 145.76 195.05
006386 0.862 144.36 164.32 198.64 206.44
006386 0.379 0 170.05 139.38 231.69
006386 0.815 239.72 181.95 263.23 206.45
006386 0.007 230.24 163.0 455.64 313.92
006386 0.865 183.88 164.74 208.84 186.96
006386 0.125 16.88 171.58 47.12 218.04
006397 0.85 70.94 49.46 462.34 175.56
006397 0.326 26.31 57.45 185.31 157.35
006405 0.301 187.54 323.94 364.08 500
006405 0.66 11.67 296.02 142.48 490.77
006415 0.154 0 160.21 430.56 288.55
006420 0.772 0 175.26 119.9 259.89
006423 0.596 221.09 115.9 273.53 155.42
006423 0.179 145.23 103.71 209.03 136.26
006423 0.641 320.15 130.42 390.65 154.54
006435 0.322 132.48 189.45 408.69 300.75
006441 0.598 0 191.49 72.76 261.69
006454 0.493 73.15 125.98 500 291.83
006469 0.283 6.77 166.73 81.65 233.29
006469 0.462 138.72 169.93 201.51 198.77
006481 0.34 82.86 33.72 474.0 319.87
006493 0.504 72.65 135.32 495.93 305.96
006493 0.923 171.03 107.51 209.19 135.05
006493 0.823 122.41 110.56 154.09 132.19
006502 0.96 47.48 116.55 423.68 304.65
006510 0.871 73.91 121.53 399.71 306.36
006525 0.731 0 319.1 171.6 444.56
006527 0.598 0.06 11.68 87.36 52.48
006527 0.117 315.91 24.44 447.91 70.34
006567 0.838 175.55 162.24 259.15 190.32
006581 0.002 76.82 208.52 101.78 231.84
006581 0.442 136.73 211.06 156.11 236.36
006581 0.729 108.04 212.94 131.14 227.49
006590 0.307 0 9.1 449.88 309.1
006634 0.344 175.29 210.88 476.29 326.31
006653 0.074 0 117.62 500 375
006685 0.577 65.68 154.01 465.63 330.65
006693 0.586 57.42 108.4 298.26 241.08
006693 0.814 313.88 82.31 500 181.25
006717 0.918 304.39 156.06 358.96 187.91
006717 0.084 126.54 190.14 198.08 233.19
006724 0.488 95.9 141.47 426.14 280.07
006724 0.799 124.91 23.78 407.85 146.54
006733 0.386 12.58 7.36 360.1 363.68
006733 0.591 302.18 84.43 500 229.27
006733 0.254 384.2 103.03 495.8 154.33
006741 0.77 71.2 146.28 404.74 312.88
006749 0.299 15.24 102.36 369.84 312.36
006754 0.991 0 50.29 455.04 308.53
006757 0.339 86.1 66.31 431.88 286.53
006757 0.222 337.55 0 500 219.22
006757 0.445 0 86.33 73.67 251.18
006757 0.199 287.7 34.23 377.31 134.19
006785 0.274 0 6.42 448.26 295.48
006790 0.045 500 80.59 500 257.26
006793 0.214 167.81 102.29 219.65 138.55
006817 0.057 408.44 43.58 445.07 59.74
006853 0.941 21.6 68.74 482.35 374.76
006854 0.034 0 0 375 387.6
006854 0.451 309.96 26.03 367.62 90.69
006882 0.433 0 187.01 264.6 375
006890 0.369 44.74 54.63 500 298.53
006907 0.941 53.36 321.94 363.43 409.34
006925 0.368 20.63 176.58 111.81 229.05
006925 0.65 283.11 173.49 406.53 236.19
006925 0.556 356.36 145.84 500 331.48
006925 0.943 173.84 171.16 213.44 201.32
006925 0.9 213.06 168.97 247.78 190.18
006955 0.008 323.8 121.21 372.3 142.21
006955 0.883 379.07 124.33 434.53 151.32
006955 0.775 36.8 136.65 463.68 333
006970 0.588 72.48 304.34 375 400.37
006974 0.952 331.76 152.8 445.47 207.8
006996 0.863 20.73 64.59 391.73 256.45
007001 0.778 195.91 134.79 415.36 338.63
007014 0.953 38.98 45.54 426.0 356.34
007015 0.461 84.61 103.52 409.83 256.16
007034 0.24 0 0 500 341.0
007061 0.096 35.73 59.34 500 375
007061 0.555 5.43 85.52 104.79 179.56
007082 0.301 241.11 193.42 270.87 215.5
007082 0.323 217.71 184.63 237.45 207.73
007082 0.975 198.37 185.14 216.56 201.8
007082 0.603 177.43 209.04 197.23 224.84
007082 0.823 138.15 180.29 154.74 183.79
007082 0.368 83.62 184.26 113.02 192.99
007082 0.735 23.41 181.03 66.16 194.16
007082 0.73 0 183.04 23.76 193.84
007085 0.279 479.31 150.42 500 186.07
007112 0.891 68.9 149.1 438.26 251.1
007118 0.3 352.44 107.46 428.04 154.98
007118 0.666 419.95 94.45 445.6 118.37
007118 0.618 329.85 100.65 367.16 134.31
007126 0.502 0 65.75 146.26 187.83
007143 0.336 3.6 110.68 415.6 241.48
007164 0.701 284.9 239.86 323.85 264.34
007173 0.589 273.71 348.5 495.56 375
007176 0.41 34.38 194.67 491 427.67
007179 0.415 168.03 132.6 221.03 162.63
007242 0.202 4.21 178.31 52.61 249.29
007242 0.614 2.8 155.38 66.66 224.96
007246 0.116 0 82.76 458.72 372.83
007246 0.082 161.4 75.61 500 243.01
007267 0.909 367.51 157.79 410.71 179.64
007273 0.914 62.67 134.08 469.56 272.26
007278 0.313 37.88 242.83 84.8 271.97
007281 0.997 2.14 62.78 315.34 345.22
007281 0.086 0 209.93 32.32 310.81
007281 0.571 396.32 158.99 484.52 322.75
007282 0.655 206.0 295.53 397.8 332
007282 0.052 364.27 168.12 487.41 289.89
007282 0.309 11.48 130.44 192.31 276.13
007288 0.168 0 26.42 500 239.22
007304 0.618 135.71 206.28 333 495.18
007337 0.913 239.62 261.68 290.92 304.94
007337 0.005 337.77 270.46 408.47 295.94
007337 0.746 209.21 268.41 244.21 293.61
007339 0.185 94.46 74.38 414.79 311.98
007339 0.988 250.24 45.01 418.23 166.69
007347 0.097 333.14 343.47 375 489.77
007347 0.823 225.24 370.48 320.28 427.6
007347 0.493 0 330.85 71.02 500
007358 0.419 56.15 0 500 370.7
007358 0.125 52.45 123.94 121.75 175.24
007362 0.143 12.8 54.66 462.91 306.42
007362 0.48 336.2 77.82 492.2 225.78
007362 0.137 291.84 40.75 466.44 104.11
007362 0.571 441.83 43.02 497.29 65.24
007368 0.641 169.27 86.68 259.36 139.6
007368 0.227 190.23 71.61 241.71 125.51
007368 0.557 313.73 81.8 381.18 155.9
007386 0.546 0 42.34 500 297.16
007399 0.22 66.69 116.57 486.13 336.98
007405 0.238 451.42 229.31 500 331.16
007405 0.667 143.17 174.77 158.01 195.14
007423 0.675 218.99 151.38 328.73 222.36
007423 0.622 13.24 85.29 141.62 124.71
007429 0.857 28.35 215.1 310.59 475.69
007447 0.752 52.44 166.47 159.74 214.43
007452 0.213 45.67 184.64 75.67 195.56
007452 0.785 87.28 177.98 227.67 236.69
007459 0.938 49.95 19.16 500 360.09
007478 0.459 327.49 0 470.59 169.52
007478 0.138 77.39 169.28 500 375
007496 0.316 40.55 120.86 80.14 149.98
007496 0.828 4.2 130.45 29.4 155.41
007501 0.283 46.32 39.62 500 375
007507 0.969 0 190.65 57.2 240.0
007507 0.962 52.44 192.9 149.39 237.06
007507 0.647 157.6 185.16 206.08 223.32
007510 0.967 365.13 271.77 492.13 360.58
007518 0.969 451.32 248.52 475.32 343.32
007518 0.455 175.07 266.39 255.73 356.07
007518 0.862 113.49 227.56 229.03 280.02
007518 0.824 51.2 231.82 164.5 277.41
007518 0.358 0 220.15 119.9 267.15
007518 0.617 311.68 230.0 358.32 259.16
007518 0.581 265.66 223.95 323.61 254.33
007522 0.162 0 71.0 402.57 375
007522 0.306 99.04 95.68 221.44 131.32
007556 0.515 9.46 62.5 483.7 306.94
007562 0.688 15.24 0 184.84 228.8
007562 0.558 0 43.69 466.59 354.31
007580 0.503 369.61 277.99 406.0 288.91
007580 0.999 459.62 280.83 497.06 294.48
007580 0.099 308.32 279.14 334.36 290.25
007589 0.813 137.74 178.35 317.08 299.31
007591 0.51 4.97 118.74 58.38 425.59
007613 0.638 30.47 87.84 495.0 328.88
007613 0.377 143.88 103.18 182.68 165.88
007617 0.077 12.84 88.35 133.87 250.35
007617 0.471 85.98 72.59 463.5 274.55
007634 0.959 25.08 119.53 71.32 137.17
007634 0.732 61.66 147.28 88.57 164.74
007634 0.484 63.59 136.14 92.48 159.18
007634 0.267 117.66 136.59 164.7 170.51
007634 0.161 49.34 125.83 82.19 174.81
007634 0.921 78.12 137.76 108.81 160.53
007634 0.608 454.66 146.86 483.22 168.48
007634 0.547 430.13 149.06 454.28 200.9
007665 0.562 171.2 145.98 409.7 215.82
007665 0.913 431.62 142.05 499.7 217.8
007676 0.224 145.68 226.82 179.62 256.58
007676 0.044 178.05 241.1 201.74 260.86
007676 0.795 113.0 235.11 136.75 261.11
007676 0.154 19.82 238.28 68.05 256.9
007676 0.261 47.64 245.94 70.32 265.74
007690 0.786 426.15 125.77 461.85 141.13
007690 0.515 465.29 132.91 500 153.81
007693 0.636 147.49 128.87 453.04 375
007701 0.533 260.07 184.31 452.47 291.23
007701 0.849 157.56 178.82 284.61 253.72
007701 0.329 90.44 188.33 139.94 234.39
007701 0.518 0 247.24 118.77 332.8
007714 0.646 162.09 144.62 308.79 283.62
007734 0.887 13.53 86.87 242.31 292.07
007734 0.082 279.96 117.17 378.96 203.5
007757 0.785 37.0 19.44 476.92 252.64
007757 0.011 229.04 0 392.57 101.25
007757 0.032 389.86 25.24 480.5 59.82
007757 0.517 481.8 17.34 499.26 81.54
007761 0.226 0 0 500 307.4
007761 0.826 430.3 40.76 496.86 69.04
007797 0.419 99.21 143.58 390.06 362.93
007800 0.679 226.83 183.6 387.38 239.25
007806 0.546 64.55 335.87 93.67 347.86
007806 0.86 24.44 335.78 45.14 346.94
007807 0.906 31.7 43.53 453.44 353.83
007807 0.057 411.55 149.0 500 223.8
007818 0.5 3.15 138.1 43.71 164.62
007818 0.219 46.2 133.29 94.7 165.22
007818 0.224 51.58 135.16 85.55 179.24
007818 0.577 141.48 134.78 183.3 165.78
007818 0.977 187.89 139.19 220.29 161.03
007818 0.468 216.65 148.12 230.93 162.29
007818 0.011 297.17 146.36 311.34 158.45
007818 0.074 313.44 144.96 323.45 156.32
007818 0.583 0 183.94 55.46 239.14
007835 0.197 419.41 25.86 440.57 35.22
007835 0.003 405.87 23.28 420.72 42.65
007835 0.915 383.43 28.1 406.68 40.7
007839 0.238 22.78 44.26 442.22 301.82
007839 0.164 239.41 5.94 498.05 132.04
007844 0.038 0 8.2 409.02 318.85
007861 0.194 115.56 29.87 357.56 170.27
007861 0.746 0 116.11 34.56 152.38
007861 0.907 338.66 45.26 357.7 59.82
007861 0.143 417.15 39.86 451.8 57.3
007866 0.387 5.51 0 334 460.6
007882 0.563 29.11 100.5 424.63 270.7
007882 0.274 415.75 85.07 497.1 183.95
007906 0.234 51.94 77.39 500 282.55
007906 0.208 21.57 0.04 285.35 155.44
007906 0.367 314.75 24.32 394.85 57.32
007906 0.937 416.41 26.92 488.51 66.44
007906 0.993 469.61 38.05 500 106.39
007906 0.486 459.95 49.56 485.71 74.26
007906 0.803 48.99 9.68 211.43 54.22
007906 0.734 290.04 0 356.68 34.96
007906 0.2 396.76 28.46 440.47 60.67
007906 0.186 266.58 14.04 297.61 53.04
007927 0.809 0 0 314.82 374
007948 0.383 106.78 131.71 500 275.35
007960 0.068 67.33 136.29 431.1 256.89
007961 0.016 307.9 149.8 424.06 203.21
007961 0.181 64.88 167.56 121.43 211.22
007961 0.165 216.95 210.79 500 333
007961 0.876 406.3 177.36 500 272.0
007961 0.418 78.9 165.14 178.26 252.5
007961 0.053 442.52 174.95 500 210.47
007967 0.546 199.25 56.49 326.93 129.25
007967 0.717 407.92 66.75 485.62 116.67
007969 0.866 68.02 153.65 93.32 178.9
007992 0.538 230.64 128.2 367.38 217.96
008006 0.225 32.86 267.52 147.54 341.12
008020 0.938 12.5 208.24 130.0 299.44
008030 0.682 94.38 71.03 410.48 242.16
008035 0.885 327.61 337.73 375 406.63
008047 0.189 160.44 15.64 318.78 182.17
008047 0.439 159.75 0 248.5 229.68
008047 0.436 122.37 0 169.9 109.18
008047 0.853 100.62 2.05 134.22 73.45
008052 0.48 236.03 80.05 333.05 139.19
008088 0.184 0 228.23 31.5 258.26
008104 0.763 146.29 222.36 198.73 243.78
008114 0.262 380.53 175.4 461.52 212.6
008120 0.618 0 0 378 139.05
008126 0.768 80.07 163.96 470.29 333
008129 0.949 84.53 122.14 322.35 322.86
008133 0.084 123.26 129.55 355.4 375
008135 0.757 468.51 18.93 500 64.29
008135 0.241 14.36 36.97 473.0 375
008136 0.535 36.44 103.16 468.62 331.01
008143 0.924 179.53 193.56 286.6 281.89
008152 0.705 83.53 107.8 482.09 352.83
008152 0.352 12.14 196.86 112.19 286.04
008158 0.031 161.22 96.96 260.97 173.64
008158 0.133 0 54.83 198.79 351.77
008161 0.123 250.78 270.77 313.76 319.28
008161 0.03 321.97 280.67 350.68 303.23
008161 0.019 224.63 275.14 256.43 303.49
008161 0.139 63.44 245.64 241.28 355.25
008161 0.886 146.35 123.64 375 204.2
008161 0.918 1.29 197.48 46.86 276.68
008212 0.409 233.4 243.08 266.72 261.44
008212 0.227 166.78 247.14 204.58 262.18
008212 0.879 77.28 293.36 114.72 323.88
008212 0.086 212.8 419.0 233.0 463.44
008212 0.49 196.47 467.1 229.43 500
008212 0.477 65.82 256.58 78.54 271.58
008215 0.4 75.04 24.85 165.2 71.4
008215 0.644 0.17 23.06 78.47 78.86
008231 0.447 0 17.93 500 367.39
008231 0.292 9.21 80.9 65.31 115.86
008246 0.567 467.59 116.86 500 165.82
008259 0.458 0 34.39 128.7 128.32
008259 0.153 157.35 0 414.75 154.58
008259 0.502 268.21 3.94 500 147.36
008264 0.312 18.26 212.32 40.34 235.82
008270 0.635 42.53 0 500 386.4
008271 0.361 54.82 207.0 99.02 306.06
008276 0.678 344.89 187.75 450.82 224.65
008283 0.926 67.26 0 500 189.42
008289 0.49 18.72 56.94 411.18 327.57
008290 0.702 94.46 43.87 353.45 255.97
008290 0.72 397.3 46.74 486.48 105.45
008290 0.652 111.75 16.27 359.25 112.73
008324 0.249 22.7 178.22 155.36 274.34
008353 0.315 165.69 110.74 333.09 187.7
008357 0.718 420.16 156.78 458.66 176.52
008357 0.575 36.78 151.41 65.2 178.71
008357 0.463 0 128.14 64.35 176.59
008363 0.806 199.4 103.91 500 375
008363 0.66 439.42 103.58 500 134.78
008363 0.222 272.15 92.7 376.79 118.8
008363 0.102 237.3 93.08 280.46 128.64
008363 0.129 132.54 94.12 207.02 110.44
008375 0.082 273.72 454.01 340.88 486.99
008378 0.357 0 178.57 406.02 333
008383 0.045 0 80.44 494.01 322.84
008408 0.669 0 88.56 468.48 375
008414 0.966 67.6 81.79 451.4 361.06
008421 0.946 80.1 80.53 374.13 254.94
008432 0.319 80.1 220.37 343.71 406.01
008447 0.738 37.77 8.82 500 307.12
008447 0.519 258.62 2.47 359.2 47.06
008447 0.102 111.9 15.26 145.82 41.42
008451 0.284 409.27 182.55 488.47 224.97
008464 0.285 40.55 287.44 75.57 302.74
008464 0.902 74.94 284.83 101.82 302.0
008464 0.835 190.22 284.38 212.3 300.22
008464 0.81 343.9 290.65 375.4 318.47
008464 0.878 304.79 292.73 357.71 323.11
008479 0.636 140.85 111.13 396.21 281.82
008479 0.894 437.81 155.28 497.09 218.28
008479 0.948 404.15 167.17 455.85 211.69
008479 0.937 391.77 171.33 421.47 212.28
008481 0.523 307.08 0 400.81 24.5
008481 0.586 111.08 12.79 147.8 40.06
008481 0.632 84.83 21.39 108.58 41.41
008488 0.857 307.35 184.52 407.31 242.12
008488 0.77 7.6 161.91 147.3 260.19
008504 0.797 345.36 121.31 466.36 202.22
008504 0.904 397.0 2.07 442.1 25.99
008504 0.372 304.44 9.41 362.74 37.61
008504 0.571 192.87 0.7 241.02 22.1
008504 0.303 169.58 0.15 197.13 13.59
008504 0.404 175.82 22.94 289.06 56.06
008504 0.675 148.29 88.82 228.65 146.02
008504 0.061 233.91 164.32 341.98 213.28
008504 0.23 5.61 101.92 170.97 179.68
008504 0.128 238.44 51.03 305.39 96.18
008504 0.929 329.26 54.74 397.15 103.22
008504 0.261 285.82 77.11 365.39 133.79
008504 0.194 439.41 55.32 498.81 106.28
008504 0.983 422.54 38.3 490.58 85.3
008504 0.207 478.77 13.84 500 45.74
008548 0.155 433.06 87.8 500 375
008548 0.465 175.34 0 365.46 105.0
008548 0.021 437.72 18.36 492.92 94.66
008560 0.124 428.58 205.3 492.9 319.7
008560 0.856 425.35 186.45 500 236.85
008560 0.566 402.07 181.03 459.64 243.09
008579 0.753 392.82 173.4 425.86 195.52
008593 0.237 355.9 94.73 401.72 125.75
008609 0.671 0 0 441.0 372.88
008622 0.199 100.28 136.54 278.49 231.3
008622 0.84 113.21 71.48 153.38 108.28
008632 0.465 342.13 212.36 485.65 283.16
008657 0.742 3.0 97.22 500 354.67
008658 0.236 46.16 108.1 346 386.49
008668 0.123 184.84 59.1 495.84 333
008668 0.735 19.62 102.22 201.9 333
008682 0.127 88.52 82.82 500 255.2
008684 0.29 15.04 115.46 470.84 268.34
008693 0.56 18.37 96.38 459.17 333
008694 0.896 373.91 177.16 492.23 236.75
008708 0.878 294.4 205.66 311.32 219.31
008711 0.39 0 80.12 442.0 310.52
008711 0.158 134.02 37.39 392.12 290.19
008715 0.614 67.93 124.26 296.19 239.46
008724 0.323 280.32 93.61 461.74 218.06
008734 0.97 49.66 19.84 463.66 321.05
008734 0.682 372.32 48.03 500 171.87
008734 0.701 118.93 12.86 284.17 70.46
008761 0.959 0 129.32 83.3 284.63
008777 0.478 66.13 99.0 461.89 300.76
008785 0.785 0 0 500 164.5
008785 0.379 26.53 58.9 252.97 177.34
008788 0.066 294.92 269.78 447.32 373.1
008788 0.508 0 274.86 21.21 304.62
008788 0.544 37.98 269.38 75.78 298.08
008797 0.322 0 125.25 498.0 375
008800 0.435 51.84 1.53 429.86 282.58
008800 0.603 38.66 2.21 160.66 113.31
008824 0.286 136.31 140.74 221.8 207.69
008824 0.325 204.04 143.79 315.4 206.16
008824 0.887 310.34 153.6 422.06 210.24
008824 0.828 295.49 133.09 333.77 150.91
008824 0.167 311.85 109.41 412.83 156.05
008824 0.92 459.17 140.42 500 171.74
008824 0.951 366.18 277.43 495.33 371.03
008828 0.254 139.88 94.18 167.7 116.02
008828 0.928 119.55 107.3 153.79 133.04
008828 0.915 109.73 125.08 142.4 150.56
008828 0.484 94.64 148.99 136.64 184.27
008828 0.503 88.69 185.93 139.57 237.29
008828 0.201 68.08 175.44 134.04 265.86
008829 0.402 41.81 67.6 428.69 253.84
008895 0.747 169.43 178.04 256.55 217.04
008896 0.139 190.15 125.93 400.03 209.86
008903 0.336 237.73 149.4 351.73 230.72
008903 0.794 323.37 146.67 358.15 176.91
008903 0.677 5.67 151.55 64.38 177.23
008906 0.575 4.99 192.6 453.19 375
008910 0.01 249.46 156.78 286.7 181.98
008910 0.143 161.24 141.36 189.14 148.08
008910 0.909 158.75 138.89 193.09 162.29
008910 0.07 195.18 179.38 232.18 210.12
008910 0.384 195.52 227.1 222.78 242
008910 0.631 107.36 115.98 128.96 132.94
008910 0.975 89.19 132.22 118.48 150.22
008910 0.439 83.62 138.3 122.77 167.74
008910 0.638 117.4 158.55 151.0 184.8
008910 0.064 120.52 166.66 165.76 198.28
008910 0.869 108.72 213.6 152.82 241.14
008910 0.285 225.28 98.46 248.6 115.8
008910 0.956 208.03 98.09 229.45 115.03
008910 0.152 190.34 85.02 211.05 102.3
008910 0.587 25.3 175.04 64.9 215.44
008915 0.345 284.05 296.4 331.05 388.96
008916 0.279 402.51 101.72 419.54 120.92
008996 0.514 329.91 135.31 374.56 207.73
009008 0.62 294.33 37.03 329.69 56.35
009023 0.525 392.38 50.49 488.3 123.62
009023 0.466 138.98 324.11 397.46 334
009033 0.285 317.6 333.74 373.78 366.74
009033 0.66 275.7 328.34 366.18 366.95
009033 0.608 245.21 338.02 318.68 370.66
009033 0.182 209.11 331.77 306.07 377.55
009033 0.521 110.22 329.69 236.7 390.19
009033 0.501 105.63 342.43 245.31 386.72
009033 0.344 37.55 316.47 262.19 401.03
009033 0.95 0 295.37 69.36 361.02
009033 0.204 6.54 365.91 71.88 414.27
009052 0.178 198.49 110.52 468.79 296.7
009071 0.388 0 263.47 500 333
009077 0.922 389.12 139.62 494.06 193.77
009077 0.491 282.27 150.98 326.81 170.45
009077 0.828 229.31 143.74 276.06 187.7
009077 0.061 115.39 141.22 206.17 172.83
009081 0.235 63.94 41.6 478.66 305.21
009092 0.835 405.13 176.13 441.17 238.08
009096 0.078 14.94 30.87 313.42 199.17
009111 0.143 481.93 151.82 500 166.94
009119 0.281 17.0 218.9 392.0 323.86
009119 0.336 362.54 77.71 460.46 147.07
009119 0.496 289.43 133.57 324.08 172.07
009119 0.747 269.48 136.6 295.52 168.56
009119 0.358 260.93 146.16 285.31 175.05
009122 0.969 128.16 295.99 210.32 334.51
009122 0.46 224.78 306.12 288.78 339.91
009125 0.087 132.16 177.03 262.29 229.83
009134 0.889 398.1 203.32 462.96 232.32
009140 0.319 21.96 0 500 326.0
009149 0.944 167.55 100.22 443.28 333
009156 0.383 11.79 66.39 253.85 186.91
009156 0.667 184.68 123.54 500 357.22
009156 0.908 301.16 72.89 382.34 103.49
009156 0.455 406.75 70.22 470.45 95.66
009156 0.137 354.93 74.98 387.23 91.3
009156 0.398 22.15 83.14 60.26 98.44
009156 0.22 52.48 77.43 73.6 94.47
009156 0.913 100.97 77.06 145.07 95.6
009156 0.626 157.98 72.12 199.26 85.25
009156 0.942 201.31 72.84 256.43 91.27
009156 0.592 280.47 67.51 333.48 98.83
009156 0.261 271.02 74.78 286.28 87.94
009182 0.293 52.67 27.0 500 325.76
009182 0.931 494.69 0 500 45.0
009182 0.851 367.73 1.82 426.29 18.18
009182 0.493 398.64 11.08 432.98 29.38
009201 0.059 77.32 158.3 346.17 333
009206 0.573 106.48 124.17 396.29 234.37
009210 0.178 169.33 218.46 338.29 284.7
009241 0.613 143.28 140.94 252.28 174.86
009241 0.542 50.94 144.3 90.46 158.34
009243 0.426 91.18 93.67 421.93 329.29
009261 0.158 270.49 312.43 294.93 330.48
009261 0.074 463.58 282.75 478.88 297.63
009267 0.681 59.83 234.66 91.55 247.54
009267 0.042 328.93 239.87 432.93 273.79
009267 0.277 197.14 248.65 299.86 287.17
009267 0.846 482.49 264.18 499.83 297.78
009284 0.531 44.06 276.3 500 375
009302 0.501 1.95 142.16 414.53 337.97
009304 0.836 231.64 228.43 281.99 330.43
009321 0.137 2.74 73.87 452.19 295.03
009322 0.384 5.42 225.8 47.28 277.21
009322 0.723 33.48 222.64 91.76 267.52
009322 0.607 77.16 209.99 130.52 258.4
009322 0.385 95.73 254.77 123.48 308.35
009322 0.033 150.11 225.89 206.73 275.72
009322 0.171 151.45 197.29 206.02 244.09
009322 0.792 272.12 198.62 292.12 217.15
009335 0.484 167.14 80.81 279.36 167.44
009341 0.789 23.0 63.49 443.44 266.42
009360 0.862 187.73 105.76 458.0 291.16
009376 0.233 19.61 100.07 370.01 324.55
009376 0.756 372.82 113.37 456.54 149.07
009381 0.902 70.4 26.26 500 370.0
009381 0.663 246.95 50.94 500 226.83
009384 0.903 175.02 300.82 264.12 375
009384 0.678 72.4 301.55 149.2 356.07
009384 0.681 5.47 302.64 64.83 375
009384 0.271 61.1 274.28 104.66 312.68
009384 0.817 40.41 307.55 77.53 324.55
009384 0.837 147.82 306.5 185.26 338.9
009384 0.472 290.84 293.58 366.1 322.84
009387 0.594 434.99 239.39 464.63 259.97
009387 0.823 6.83 261.85 54.3 276.7
009387 0.207 173.0 254.74 213.33 276.16
009396 0.641 129.64 424.24 266 500
009396 0.714 10.92 458.93 52.92 496.89
009426 0.817 165.45 190.76 367.45 287.48
009427 0.868 0 0 500 292.5
009430 0.977 0 114.33 500 375
009475 0.785 43.68 49.44 500 333
009492 0.144 73.45 50.69 461.45 253.15
009530 0.299 280.65 251.07 318.81 269.77
009530 0.396 120.43 264.26 173.35 283.16
009530 0.382 79.24 244.68 165.34 294.28
009530 0.433 0.08 275.0 13.52 297.66
009536 0.666 215.59 0 500 375
009564 0.749 259.93 171.84 382.78 260.04
009564 0.433 247.72 207.19 299.72 254.34
009564 0.812 69.46 170.58 214.18 216.17
009564 0.173 1.36 177.6 30.48 219.4
009590 0.667 0 80.29 500 311.41
009590 0.658 3.07 152.88 93.17 219.52
009593 0.973 168.0 180.27 390.0 275.27
009599 0.023 114.7 35.48 399.7 167.4
009601 0.835 15.65 227.1 106.12 324.6
009643 0.889 344.02 210.7 365.8 236.95
009643 0.126 315.01 207.06 331.67 222.36
009643 0.996 199.75 219.54 230.71 239.95
009652 0.381 24.97 22.96 312.01 277.39
009675 0.489 0 0 500 305
009680 0.56 8.13 91.38 87.3 255.6
009680 0.733 60.77 65.38 411.39 301.6
009680 0.976 479.8 93.72 500 234.12
009683 0.848 69.64 169.72 91.04 192.26
009688 0.174 94.05 5.41 300.15 145.0
009688 0.244 30.52 129.3 350.92 375
009694 0.634 333.7 305.5 412.87 353.2
009694 0.933 268.87 310.22 356.61 356.86
009694 0.074 183.63 350.19 272.87 375
009701 0.944 99.07 135.26 326.07 226.42
009704 0.132 305.36 186.61 351.25 213.87
009705 0.695 86.53 0 258.75 55.35
009705 0.289 430.38 2.65 499.38 38.0
009723 0.958 0 68.7 500 375
009723 0.606 1.31 14.16 99.07 124.41
009723 0.35 74.74 40.88 159.38 77.12
009723 0.257 73.21 26.08 130.78 48.08
009723 0.883 85.86 41.47 124.11 63.07
009723 0.883 405.0 32.05 500 118.5
009740 0.178 168.48 161.48 302.55 241.67
009757 0.005 0 0 307.2 217.16
009768 0.031 73.44 162.01 118.76 173.05
009770 0.043 85.49 275.58 394.75 375.57
009777 0.845 252.06 223.5 302.55 265.0
009777 0.318 458.19 189.24 500 234.56
009777 0.486 198.85 176.47 304.9 229.57
009777 0.28 0 249.68 93.44 328.78
009779 0.945 98.36 178.71 322.1 336.01
009779 0.918 343.2 184.1 499.8 311.4
009804 0.143 0 126.09 391.04 320.13
009806 0.555 400.8 202.27 409.8 235.55
009806 0.113 457.72 201.09 471.22 210.99
009806 0.764 95.39 234.73 118.91 262.33
009806 0.941 0 233.95 83.22 253.75
009806 0.139 0 175.83 20.79 219.53
009821 0.151 0 109.75 436.32 246.05
009827 0.129 472.25 165.5 498.64 213.5
009829 0.702 254.0 279.14 310.12 322.82
009829 0.609 451.72 271.26 500 325.86
009829 0.758 218.38 286.04 253.58 342.2
009829 0.41 387.78 279.22 402.82 297.41
009829 0.515 402.06 275.41 423.81 289.01
009829 0.732 11.2 234.87 243.39 375
009829 0.188 320.29 264.91 398.73 319.06
009847 0.269 207.75 116.31 305.67 189.46
009849 0.739 90.38 184.58 273.35 245.78
009856 0.27 108.5 249.84 187.5 301.71
009856 0.11 378.33 242.83 489.0 333
009856 0.518 0 249.0 76.8 318.0
009873 0.378 210.17 95.11 500 193.91
009883 0.217 59.39 88.82 500 263.23
009895 0.398 16.96 165.05 382.45 332.37
009895 0.498 289.29 102.27 411.12 189.57
009895 0.051 184.33 100.44 306.43 165.05
009895 0.287 2.2 95.83 83.95 187.63
009903 0.733 2.29 81.49 40.04 101.44
009903 0.967 1.86 84.59 13.52 101.59
009903 0.459 26.06 64.32 84.02 75.66
009927 0.719 103.66 151.53 500 252.9
009943 0.764 194.22 102.46 331.38 197.52
009963 0.755 0 0 372.0 500
