000011 0.915 110.9 46.63 304.7 277.93
000028 0.693 58.34 16.55 338.23 474.45
000049 0.366 37.74 128.89 301.18 272.89
000053 0.015 55.84 13.25 460.4 268.25
000092 0.316 36.94 84.96 423.27 335.94
000098 0.267 81.15 68.34 334.11 169.54
000114 0.075 154.44 56.48 403.78 348.45
000119 0.406 118.31 76.85 328.39 333.89
000136 0.522 337.08 203.02 410.04 260.06
000157 0.388 108.88 162.99 362.26 220.65
000213 0.364 112.93 49.88 346.13 254.62
000227 0.427 56.81 310.57 357.88 354
000292 0.705 72.77 23.38 406.85 370.27
000365 0.172 120.58 141.08 366 373.4
000401 0.918 206.9 140.89 498.5 337.99
000401 0.219 21.1 107.31 212.05 254.77
000442 0.162 0 282.5 500 375
000517 0.025 202.24 127.57 367.6 274.21
000542 0.362 10.92 0 500 327.6
000638 0.059 19.05 10.54 358.89 312.54
000651 0.581 131.99 374.85 500 375
000658 0.709 352.4 302.92 412.2 335.6
000662 0.939 176.54 0 264.02 70.21
000673 0.52 10.68 0 485.0 315.4
000741 0.516 23.08 66.98 269.13 273.98
000741 0.713 89.34 73.63 410.82 375
000803 0.391 124.12 93.88 255.07 275.32
000877 0.281 177.95 96.62 330.85 265.58
000928 0.737 33.54 80.44 202.74 227.08
000928 0.379 238.36 130.84 452.0 279.25
000998 0.603 0 42.62 333 475.22
001019 0.355 0 3.83 345.96 403.79
001032 0.857 108.36 0 500 375
001048 0.06 185.04 79.2 405.46 234.4
001075 0.262 73.01 20.69 148.61 164.54
001098 0.809 15.4 11.73 344.4 498.55
001128 0.45 305.17 151.85 500 234.67
001128 0.983 25.6 98.22 313.6 278.72
001132 0.089 39.77 102.65 415.11 313.02
001173 0.776 328.1 30.9 500 267.51
001208 0.078 261.67 4.11 500 257.93
001216 0.388 316.7 69.22 384.54 171.82
001216 0.886 0 141.29 196.95 244.12
001228 0.419 201.69 199.62 305.57 328.42
001249 0.72 7.07 318.53 338.31 471.79
001313 0.34 164.92 37.45 293.72 200.65
001381 0.445 91.33 45.61 447.37 333
001389 0.777 208.62 164.19 433.28 335.89
001392 0.957 17.84 55.78 435.84 312.84
001401 0.82 396.06 58.88 500 141.56
001428 0.38 158.93 183.7 420.26 358.6
001462 0.812 209.07 105.2 353.5 282.52
001520 0.757 14.34 104.75 453.32 332.25
001542 0.516 0 109.2 435.31 335
001573 0.723 65.68 0 145.68 199.92
001592 0.972 0 33.9 206.1 240.05
001592 0.972 236.0 14.31 488.5 224.19
001663 0.901 0 350.17 500 375
001694 0.69 70.52 18.57 449.96 277.77
001702 0.91 0 76.2 400.4 346.2
001731 0.587 224.52 88.31 315.0 125.76
001762 0.275 124.29 56.47 382.41 259.42
001763 0.612 259.54 101.85 469.78 339.93
001774 0.352 0 79.8 447.12 273.8
001790 0.223 89.42 0 333 470.0
001835 0.725 34.14 57.84 334.81 375
001874 0.277 0 262.07 329.15 500
001890 0.172 32.85 65.5 464.27 315.5
001909 0.037 17.55 0 418.22 297.0
001966 0.492 352.71 69.83 477.83 375
001966 0.566 7.61 17.64 114.77 263.69
001973 0.285 142.72 45.51 309.12 269.02
001973 0.133 35.67 159.38 241.34 300
002003 0.011 0 9.18 498.0 375
002038 0.426 115.75 414.59 247.0 455.29
002048 0.387 113.91 116.27 435.47 242.62
002059 0.231 53.82 60.4 473.03 346.4
002084 0.494 282.04 342.66 500 375
002106 0.441 0 0 365.16 500
002113 0.076 31.24 41.95 330.63 500
002147 0.897 92.44 4.87 500 325.2
002162 0.731 303.21 316.76 500 375
002167 0.352 65.95 160.14 190.39 316.38
002205 0.292 10.48 18.35 444.4 354.65
002222 0.168 7.9 4.13 283.18 339.71
002254 0.05 14.11 272.25 86.87 315.95
002275 0.039 11.42 0 368.54 383.16
002303 0.786 119.69 40.97 413.45 314.51
002304 0.186 1.72 36.7 433.72 339.86
002312 0.729 50.8 10.74 500 237.3
002388 0.311 106.55 25.29 443.27 319.22
002394 0.589 112.12 120.05 134.62 138.8
002430 0.72 75.33 0 354.51 367.82
002440 0.659 0 0 195.72 263.14
002453 0.65 22.17 13.49 261.87 198.49
002453 0.314 240.94 32.41 455.98 178.69
002552 0.361 108.73 241.21 178.09 345.0
002597 0.534 368.23 272.99 500 375
002616 0.004 49.22 31.84 390.44 246.2
002620 0.704 35.28 216.23 320.88 413.24
002642 0.313 132.4 413.52 354.4 500
002694 0.579 0 161.52 359.2 347.96
002736 0.791 0 95.74 349.2 500
002740 0.153 45.74 129.13 281.34 295.0
002787 0.226 99.44 43.38 275.99 270.84
002787 0.043 156.5 185.96 403.98 367.13
002926 0.945 104.26 112.44 264.46 227.1
002926 0.418 239.71 55.57 349.69 140.83
002936 0.107 0 14.01 418.3 290.65
002959 0.087 118.18 300.77 287.38 405.77
002970 0.169 0 99.78 437.58 375
003019 0.764 0 0 500 355.41
003080 0.018 21.0 87.12 411.6 339.32
003119 0.868 7.25 0 500 400
003166 0.501 45.82 61.18 500 370.24
003198 0.782 159.52 23.09 500 96.81
003227 0.439 64.09 0 500 353.78
003238 0.675 26.54 56.52 379.03 347.72
003287 0.274 0 30.44 312.08 267
003319 0.742 107.78 36.05 244.08 248.99
003352 0.61 71.72 192.78 225.08 262.98
003371 0.279 181.68 159.73 315.66 375
003371 0.282 21.68 32.82 285.68 293.75
003427 0.94 98.93 37.64 500 375
003480 0.167 9.96 36.53 498.0 375
003504 0.279 39.77 30.38 500 369.02
003540 0.221 2.74 0 348.35 198.9
003560 0.266 73.23 72.99 480.91 375
003591 0.751 55.57 140.41 88.57 177.78
003615 0.851 40.0 74.69 365.5 296.45
003647 0.703 58.86 79.96 220.86 335.38
003647 0.531 238.47 75.6 429.36 375
003724 0.952 82.57 121.15 326.59 267.15
003778 0.118 0 99.32 388.8 500
003782 0.703 65.19 58.58 500 312.72
003804 0.498 0 18.38 336.3 365.9
003812 0.292 288.59 0 453.49 375
003813 0.495 228.39 0 498.95 289.25
003816 0.153 0 28.69 448.38 236.08
003870 0.274 0 143.72 337.25 375
003880 0.116 0 274.36 132.84 372
003906 0.969 145.85 22.52 380.09 333
003925 0.727 11.49 24.0 226.25 210.0
003958 0.403 0 149.48 237.25 373.88
004029 0.781 443.0 44.3 485.75 118.22
004044 0.728 4.91 264.89 411.03 375
004048 0.746 209.25 311.42 500 375
004061 0.178 0 183.41 209.09 240
004114 0.228 0 5.07 382.79 152.91
004116 0.445 152.69 46.72 315.93 276.4
004161 0.373 58.5 0 361.18 500
004165 0.837 126.77 22.71 423.92 318.81
004188 0.696 193.77 0 486.51 375
004252 0.206 145.87 222.87 320.77 375
004308 0.996 33.65 124.39 282.53 395.39
004316 0.988 96.82 122.64 279.1 317.04
004353 0.844 14.67 0 476.43 299.39
004427 0.033 258.56 0 499.79 375
004444 0.381 74.78 0.28 425.62 311.32
004467 0.885 170.98 56.74 380.5 331.84
004489 0.285 83.73 5.2 310.32 296.2
004504 0.408 3.49 89.75 201.58 335
004511 0.833 0 59.06 236.21 274.74
004515 0.822 68.94 293.62 277.74 456.92
004577 0.919 234.48 0 392.4 140.3
004577 0.77 210.5 107.2 405.24 274.64
004658 0.341 136.17 151.32 203.77 266.89
004677 0.715 156.32 188.05 219.15 276.32
004700 0.096 126.92 253.35 270.3 384.96
004704 0.305 46.16 42.95 174.98 138.8
004720 0.328 253.8 227.43 321.74 322.55
004736 0.642 104.14 72.89 287.96 481.26
004759 0.444 445.12 0 500 375
004809 0.25 0 235.94 257.87 375
004845 0.973 13.26 0 327.71 333
004851 0.037 161.65 73.85 500 329.61
004888 0.817 91.89 193.4 203.61 389.4
004888 0.327 314.61 187.76 375 445.26
004934 0.033 196.35 20.02 500 333
004975 0.711 0 115.83 322.14 421.85
005012 0.336 119.82 359.0 210.72 500
005038 0.472 113.18 234.95 427.76 375
005089 0.364 45.25 63.33 250.07 220.08
005109 0.493 0 31.68 361.92 350
005118 0.994 180.26 79.22 482.71 343.64
005155 0.101 0 0 500 375
005196 0.806 5.92 178.01 150.32 293.27
005200 0.248 87.26 17.81 459.62 143.21
005201 0.812 0 41.54 494.34 345.02
005228 0.729 275.94 89.11 466.59 199.81
005228 0.095 23.97 89.31 179.45 200.46
005255 0.934 196.35 243.28 247.35 287.92
005300 0.397 227.62 58.3 345.73 249.66
005309 0.427 0 0 500 333
005317 0.251 1.13 18.51 454.21 336.27
005356 0.657 67.52 164.7 244.32 362.58
005415 0.593 411.86 236.24 461.78 289.34
005415 0.645 329.91 241.4 406.35 292.9
005415 0.983 352.26 226.49 427.16 273.81
005415 0.848 180.52 216.83 253.48 256.43
005444 0.083 119.55 105.79 413.1 366.96
005452 0.803 234.03 31.98 335.52 183.04
005460 0.949 0 0 448.44 395.28
005462 0.391 0 0 315.81 435.49
005474 0.933 33.95 2.04 413.44 257.64
005538 0.111 94.95 127.0 311.74 245.0
005538 0.958 36.86 281.22 150.14 417.22
005543 0.08 214.52 142.02 326.79 375
005562 0.869 0 0 444.48 375
005580 0.616 48.14 45.34 389.69 366.78
005581 0.942 98.76 178.29 142.86 237.69
005581 0.071 184.47 160.3 233.35 230.92
005607 0.008 163.12 111.63 338.22 264.99
005621 0.905 158.83 118.01 354.13 305.12
005621 0.761 330.76 160.41 410.07 269.61
005646 0.071 170.62 240.14 406.57 319.19
005646 0.229 183.34 166.59 315.82 230.07
005646 0.91 355.3 184.71 487.35 242.85
005688 0.394 194.85 41.31 472.29 242.1
005688 0.36 0 232.3 333.9 334
005820 0.213 220.96 0 500 147.0
005832 0.046 2.23 119.78 208.33 265.22
005832 0.093 214.57 148.65 337.85 244.05
005872 0.754 67.09 76.52 457.69 312.46
005891 0.275 193.31 0 367.22 234.84
005936 0.945 3.6 138.17 500 293
005939 0.464 178.77 134.76 329.47 268.71
005949 0.901 0 53.61 500 333
005957 0.586 128.81 19.62 500 375
005962 0.552 0 96.09 290.03 334
005977 0.826 398.58 0 500 375
005977 0.611 0 0 500 212.04
006052 0.199 146.3 45.51 500 349.13
006063 0.842 59.25 72.68 315.72 288.02
006064 0.625 96.81 0 491.75 283.92
006080 0.473 3.98 52.88 485.1 490.28
006090 0.044 97.65 0 375 500
006114 0.69 170.49 206.66 308.19 500
006144 0.074 73.28 89.52 256.62 500
006211 0.496 150.45 235.79 205.45 275.83
006253 0.908 325.62 113.74 500 275.92
006265 0.885 190.38 122.83 382.44 277.87
006280 0.89 287.14 65.61 380.94 247.37
006303 0.255 184.75 127.72 315.43 295.16
006308 0.964 247.08 378.0 368.28 489.02
006336 0.057 2.0 0 360.08 403.62
006394 0.72 48.61 7.72 323.16 435.0
006439 0.247 70.39 54.66 343.99 456.16
006451 0.99 15.26 80.94 306.32 284.46
006494 0.809 0 167.56 355.5 500
006498 0.175 14.18 54.5 275.11 483.22
006545 0.364 74.71 0 353.1 248.4
006558 0.267 29.88 82.03 391.8 292.71
006571 0.783 16.14 97.81 259.02 274.61
006596 0.783 2.39 105.51 500 364.86
006596 0.5 233.34 87.32 500 202.52
006641 0.084 3.04 10.58 393.76 375
006675 0.382 98.35 215.56 480.16 353.58
006688 0.824 59.79 39.96 500 261.8
006743 0.743 266.65 304.31 366.93 342.42
006774 0.144 47.89 98.36 444.67 285.36
006801 0.913 117.53 140.03 500 317.48
006818 0.543 207.93 133.14 493.07 307.94
006820 0.901 82.8 0 494.8 350.62
006871 0.069 444.25 257.93 500 333
006894 0.228 207.09 25.86 500 288.85
006960 0.353 134.31 0 437.47 277.95
006960 0.134 7.25 144.85 336.08 251.45
006979 0.532 39.03 58.2 400.56 500
006985 0.804 133.88 159.92 315.12 224.53
006999 0.34 32.83 28.21 428.73 366.79
007027 0.52 0 66.22 477.92 259.42
007041 0.133 4.37 78.66 375 500
007063 0.549 173.57 0 489.77 328.25
007098 0.299 0 103.32 150.88 340.7
007098 0.896 156.71 185.94 478.75 469
007145 0.844 372.41 0 500 321.25
007199 0.895 208.42 38.03 500 375
007221 0.877 27.56 29.95 443.68 341.83
007238 0.978 60.84 209.0 228.7 403.0
007291 0.033 167.7 28.26 500 370.02
007321 0.438 225.88 185.86 312.38 317.46
007331 0.673 19.3 26.98 500 373.85
007332 0.879 166.82 296.0 236.86 371.05
007360 0.586 201.11 106.3 450.96 303.46
007409 0.092 62.48 0 500 328.32
007409 0.475 73.73 49.04 364.17 178.84
007441 0.145 107.78 29.65 456.95 357
007453 0.937 395.05 110.94 450.85 163.46
007463 0.192 93.42 466.7 227.58 500
007487 0.096 192.22 0 496.8 343.16
007542 0.441 33.93 112.5 500 358.5
007574 0.006 5.92 66.36 443.98 352.56
007638 0.545 163.49 84.43 318.92 238.81
007661 0.893 0 56.86 403.76 375
007733 0.755 0 318.28 500 382
007733 0.784 71.6 0 319.6 157.08
007811 0.924 171.88 127.09 383.03 371.74
007823 0.094 77.1 107.17 406.66 375
007829 0.022 72.21 55.34 308.15 320.39
007867 0.562 0 119.92 500 345.06
007880 0.886 60.46 51.0 449.43 275.7
007938 0.289 8.57 142.66 307.77 272.38
007938 0.075 318.11 217.58 500 294.03
008011 0.316 0 119.6 183.0 254.12
008089 0.355 346.11 106.75 485.21 280.0
008110 0.19 100.41 208.13 212.94 292.37
008182 0.104 0 0 290.39 261.6
008240 0.741 230.15 208.65 353.57 346.86
008240 0.781 272.44 112.38 480.02 330.78
008267 0.519 183.33 175.79 329.84 375
008267 0.85 52.09 155.84 172.45 236.03
008361 0.727 189.02 10.25 498.58 304.01
008496 0.601 175.69 153.08 232.39 250.6
008497 0.259 396.04 138.42 500 333
008516 0.223 135.3 41.67 496.18 375
008525 0.8 254.95 269.07 351.55 447.43
008539 0.853 48.45 54.77 486.89 373.01
008544 0.826 196.72 7.79 335.43 83.39
008575 0.329 35.33 0 317.93 500
008594 0.882 169.75 0 412.75 324.0
008703 0.72 203.85 94.0 500 364.63
008737 0.589 40.02 2.33 478.9 331.01
008767 0.45 163.45 95.22 439.51 320.64
008787 0.844 188.99 27.77 500 340.21
008830 0.023 272.16 210.59 500 375
008846 0.373 200.65 111.16 435.3 275.79
008860 0.884 4.17 10.38 295.05 277.18
008875 0.534 209.85 251.85 375 490.97
008906 0.492 184.94 163.95 268.1 212.83
008924 0.264 33.64 38.91 487.74 335.0
008935 0.361 109.75 26.57 492.25 335.63
008972 0.879 81.07 59.2 481 475.2
008996 0.724 287.25 364.79 375 500
009057 0.794 150.98 80.8 347.44 264.8
009090 0.016 299.77 69.91 385.09 137.74
009107 0.493 391.69 33.11 500 356.51
009132 0.036 74.47 64.97 455.71 320.75
009183 0.027 59.8 0 500 375
009216 0.173 173.94 6.04 398.34 124.84
009234 0.334 16.13 135.29 336.41 375
009256 0.976 354.77 208.17 500 375
009310 0.803 171.85 118.82 259.0 222.98
009346 0.602 62.24 135.74 219.04 319.56
009346 0.836 239.7 117.08 427.88 318.48
009352 0.625 259.26 129.14 391.92 265.54
009403 0.213 114.02 31.33 301.13 105.81
009431 0.218 42.99 0 375 474.05
009483 0.923 8.9 0 305.57 444.6
009489 0.004 166.78 114.08 300.13 248.48
009522 0.846 54.9 55.0 399 349
009544 0.077 18.43 0 324.34 251.45
009552 0.709 190.12 387.82 346.52 500
009575 0.407 67.06 0 431.56 274.56
009589 0.735 0 138.25 281.82 340.13
009630 0.413 343.61 153.78 408.29 308.75
009640 0.985 155.28 117.66 359.88 236.84
009646 0.278 0 0 244.72 152.36
009669 0.306 0.52 0 497.51 324.38
009672 0.947 413.65 85.23 490.93 219.13
009672 0.061 160.84 106.69 436.26 344.2
009720 0.902 157.28 0 466.68 375
009753 0.631 108.39 169.98 274.25 249.88
009765 0.369 110.09 53.99 346.17 363.95
009786 0.431 162.92 166.04 414.44 300.68
009814 0.738 145.2 56.98 364.29 271.74
009820 0.629 13.97 0 500 359.84
009875 0.79 306.31 112.61 375 419.93
009875 0.019 12.76 271.94 130.87 447.43
009956 0.001 106.11 44.44 408.92 309.49
