000003 0.567 235.19 156.29 301.83 203.82
000006 0.611 313.27 168.02 412.06 327.62
000006 0.97 299.19 196.51 335.23 251.63
000006 0.504 280.19 191.27 306.29 233.91
000006 0.285 137.48 191.54 152.74 198.82
000006 0.373 137.02 198.15 157.35 211.59
000006 0.457 137.89 223.63 250.0 375
000008 0.116 14.84 166.28 118.04 375
000059 0.181 286.66 396.69 355.14 500
000084 0.556 339.15 153.31 389.64 226.78
000084 0.305 293.09 178.65 343.69 281.67
000084 0.732 224.35 164.84 264.52 186.84
000084 0.907 143.94 172.78 192.9 268.66
000084 0.205 228.11 192.44 290.06 306.77
000085 0.903 3.24 97.39 194.04 281.83
000090 0.707 198.81 77.57 353.34 273.53
000097 0.174 0 231.47 153.45 375
000111 0.486 347.71 226.3 409.07 270.94
000116 0.685 0.56 186.99 44.56 309.84
000124 0.144 411.95 287.6 494.57 375
000126 0.601 423.22 212.8 500 215
000126 0.334 368.93 191.17 382.79 215
000126 0.925 388.39 155.39 419.29 172.49
000126 0.367 359.72 148.97 399.72 199.85
000126 0.38 294.26 157.63 310.16 164.42
000126 0.363 282.01 159.3 310.29 204.9
000126 0.176 274.34 157.34 283.14 170.47
000126 0.795 258.87 175.02 287.67 214.08
000126 0.676 236.3 164.07 262.55 184.97
000126 0.435 252.13 159.8 267.53 169.2
000126 0.798 173.93 161.56 204.53 178.05
000126 0.373 121.9 178.76 182.04 213.78
000126 0.155 96.78 162.74 129.1 187.7
000126 0.486 123.0 164.7 133.67 175.1
000126 0.973 85.06 159.01 94.06 186.17
000126 0.787 54.25 148.53 88.83 186.75
000144 0.12 398.19 234.25 483.24 324.41
000157 0.043 10.58 51.17 387.56 266.0
000181 0.265 220.48 183.76 348.32 324.15
000185 0.308 286.2 355.5 363.42 496.5
000196 0.56 3.11 211.07 76.55 367.62
000196 0.589 79.56 160.86 166.96 291.01
000196 0.303 268.46 161.1 343.92 261.0
000196 0.479 273.89 176.86 316.64 235.79
000217 0.692 133.4 209.76 223.4 327.36
000217 0.677 121.71 199.66 203.08 304.16
000217 0.665 297.83 232.07 386.57 333
000217 0.092 354.24 190.24 397.14 244.14
000217 0.802 320.67 185.6 346.43 231.5
000217 0.644 288.94 164.2 331.69 209.8
000217 0.259 246.91 168.94 291.56 208.84
000217 0.825 146.97 176.3 174.72 197.46
000226 0.964 321.96 241.0 451.56 372.25
000226 0.35 324.84 218.54 385.56 286.58
000226 0.632 89.23 259.39 269.71 363.89
000226 0.247 457.92 223.98 498.24 315.98
000226 0.215 424.22 202.2 455.72 252.55
000226 0.731 164.77 201.21 187.21 248.51
000226 0.107 48.95 216.22 105.37 375
000226 0.948 3.62 212.31 62.98 320.46
000234 0.509 300.89 103.47 460.94 323.43
000247 0.157 0 135.26 127.68 316.54
000299 0.044 172.84 251.6 264.75 324.35
000314 0.796 211.4 188.35 296.54 303.35
000314 0.246 200.32 123.3 230.02 139.68
000314 0.564 226.48 95.15 244.48 127.07
000314 0.445 271.16 125.03 290.16 148.95
000314 0.893 287.11 125.42 313.57 194.72
000314 0.298 197.67 136.92 252.75 212.89
000314 0.023 182.06 130.88 201.82 196.4
000327 0.852 211.7 35.94 284.85 101.82
000327 0.78 398.95 59.2 458.73 138.4
000327 0.504 462.87 104.45 498.56 203.33
000327 0.427 35.96 58.84 71.6 98.44
000327 0.388 3.55 83.48 50.87 196.18
000339 0.428 191.01 0 500 181.44
000366 0.961 19.66 180.93 109.75 429.53
000366 0.982 300.82 356.07 375 500
000377 0.689 384.75 227.41 498.17 367.06
000377 0.899 383.49 255.54 496.95 358.94
000385 0.622 165.94 183.85 300.56 349.39
000385 0.604 369.44 175.38 500 328.85
000397 0.151 274.7 186.57 315.86 261.09
000397 0.725 347.54 274.74 375 370.53
000397 0.741 9.67 427.0 110.25 492.55
000452 0.019 475.48 138.7 500 275.5
000487 0.237 331.32 246.08 464.76 361.28
000487 0.818 57.93 275.02 251.97 367.27
000487 0.67 185.82 167.84 260.7 321.44
000487 0.417 74.62 192.34 161.66 264.6
000487 0.41 258.48 151.92 302.34 228.15
000510 0.825 143.55 234.26 187.11 269.04
000510 0.099 233.18 236.51 277.05 275.39
000510 0.342 312.74 240.85 348.63 279.07
000510 0.998 361.54 242.07 389.35 375
000510 0.017 0 286.42 92.88 375
000510 0.924 53.94 264.34 154.82 373.38
000510 0.063 178.53 273.18 242.93 331.42
000510 0.503 261.62 276.03 387.02 375
000547 0.231 314.74 286.42 364.09 368.58
000547 0.707 167.5 304.65 221.03 349.65
000547 0.265 227.63 294.21 277.69 343.65
000547 0.937 155.16 212.58 190.85 279.18
000547 0.752 306.37 218.61 337.39 284.57
000547 0.377 343.62 251.43 375 310.23
000547 0.126 209.22 333.41 276.35 430.21
000547 0.637 210.87 436.4 264.4 495.68
000547 0.213 142.9 391.02 191.5 461.52
000547 0.997 156.45 340.56 206.37 416.53
000547 0.528 311.75 175.47 356.19 214.47
000547 0.92 52.21 290.45 92.63 355.97
000547 0.072 69.97 342.77 141.31 392.82
000573 0.24 356.5 133.22 500 245.42
000573 0.324 125.52 60.09 256.2 283.57
000595 0.516 371.49 171.98 439.16 227.98
000595 0.196 303.12 154.24 350.16 202.54
000595 0.577 183.23 154.96 238.33 205.28
000595 0.667 175.47 10.87 267.06 130.93
000595 0.47 204.73 198.61 339.06 359.98
000595 0.479 260.14 140.27 340.05 261.63
000621 0.066 459.01 146.88 500 209.88
000621 0.15 352.96 144.53 447.04 363.92
000641 0.053 15.4 19.3 379.96 375
000642 0.754 32.1 200.38 426.42 375
000652 0.564 0 0 159.21 375
000659 0.206 0 0 474.05 375
000691 0.533 5.96 63.56 243.96 230.6
000691 0.242 239.84 79.41 471.64 272.11
000692 0.857 0 99.28 500 318.4
000745 0.221 118.08 0 251.43 55.12
000749 0.083 126.98 63.56 320.65 252.24
000749 0.665 254.4 68.83 466.56 375
000749 0.589 35.97 112.67 355.23 375
000749 0.256 11.71 87.47 223.81 369.31
000856 0.668 369.48 158.89 500 258.4
000856 0.267 9.11 141.85 159.59 302.45
000886 0.039 204.57 0 444.0 252.5
000905 0.348 105.06 375 437.29 375
000910 0.25 236.88 324.07 356.88 458.17
000910 0.041 0 285.98 35.91 353.98
000938 0.96 312.56 176.23 432.16 300.85
000938 0.883 217.96 165.74 287.32 231.77
000940 0.943 0 118.27 292.82 375
000940 0.792 54.23 167.96 192.55 355.14
000953 0.866 13.97 186.51 124.18 361.99
000974 0.846 0 249.29 44.59 320.39
000981 0.154 238.85 399.92 316.37 500
000994 0.464 311.2 148.78 428.92 236.0
001021 0.369 119.69 327.6 397.64 375
001023 0.331 0 358.22 80.8 399.22
001023 0.884 406.53 257.26 500 389.86
001023 0.511 273.93 274.26 377.72 345.54
001023 0.238 196.44 262.48 276.44 316.54
001023 0.799 101.67 264.96 175.51 302.56
001023 0.408 14.14 244.81 70.56 282.43
001025 0.502 9.58 45.23 117.46 205.29
001025 0.949 35.01 6.43 99.62 54.79
001025 0.019 0 167.95 375 500
001039 0.376 288.16 236.38 407.47 375
001055 0.995 108.7 142.83 490.9 334
001081 0.322 112.32 361.27 304.08 375
001087 0.668 31.66 47.45 250 281.67
001138 0.38 282.82 177.15 349.98 277.73
001138 0.325 145.55 187.52 218.87 305.22
001138 0.351 142.03 247.73 209.19 352.61
001139 0.991 9.8 172.98 122.0 374.86
001139 0.343 50.63 145.67 155.63 316.67
001163 0.939 216.01 70.0 302.43 272.92
001163 0.563 67.8 135.84 107.55 189.59
001163 0.004 116.5 122.16 166.79 163.76
001163 0.584 115.26 129.69 182.67 204.21
001163 0.006 194.45 156.07 234.01 189.19
001163 0.286 6.29 134.06 86.95 282.38
001169 0.179 158.43 246.31 338.99 333
001169 0.056 314.04 169.76 369.16 228.08
001169 0.1 17.85 89.6 85.17 197.6
001169 0.801 118.62 84.23 172.18 129.35
001169 0.399 23.39 120.65 134.75 255.58
001169 0.747 107.09 93.79 178.91 178.72
001169 0.116 14.8 64.9 56.08 90.34
001169 0.354 19.38 72.88 56.62 127.88
001179 0.419 116.71 286.67 238.96 375
001179 0.381 0 179.64 98.7 375
001189 0.426 255.33 272.59 342.63 436.91
001189 0.641 254.32 259.07 318.02 399.15
001189 0.731 250.11 241.63 297.03 360.43
001189 0.737 70.18 386.31 186.57 500
001189 0.504 163.83 242.31 203.39 270.39
001189 0.889 80.64 242.85 117.5 277.05
001189 0.165 63.37 247.94 135.97 325.46
001189 0.242 51.56 245.6 134.87 399.46
001222 0.438 38.74 197.3 79.78 270.74
001222 0.56 0 292.84 46.2 375
001244 0.86 7.38 159.44 72.78 271.55
001244 0.746 292.7 235.86 397.79 370.28
001246 0.369 170.62 217.66 471.52 376
001261 0.213 0 148.78 488.07 353.02
001276 0.992 0 156.5 83.3 197.86
001276 0.737 388.98 167.92 415.44 204.72
001276 0.75 117.67 162.52 204.59 219.52
001276 0.339 135.86 174.06 234.8 344.1
001276 0.083 18.54 232.32 190.54 370.92
001276 0.706 303.63 147.58 397.79 270.46
001276 0.651 394.77 185.77 484.65 327.01
001276 0.702 462.58 200.38 497.23 267.58
001276 0.685 474.18 161.15 500 209.91
001302 0.572 261.32 97.85 339.32 165.3
001302 0.817 167.7 92.36 237.26 163.86
001302 0.463 171.29 229.16 358.13 375
001302 0.457 6.0 215.37 200.0 362.31
001319 0.499 84.93 212.04 272.79 375
001340 0.228 196.59 29.25 385.74 266.87
001351 0.897 123.26 263.2 158.96 375
001351 0.179 69.96 144.24 112.08 190.44
001407 0.75 403.55 297.34 482.3 372.08
001407 0.653 72.59 325.22 192.49 374.62
001407 0.157 109.08 292.09 177.06 337.21
001407 0.007 43.2 253.49 102.72 362.53
001407 0.408 29.59 242.52 89.39 328.06
001407 0.782 15.07 215.98 64.54 311.38
001407 0.193 1.48 225.99 16.36 287.19
001419 0.506 67.13 10.78 228.05 145.4
001489 0.981 53.33 70.2 126.49 124.8
001489 0.864 208.03 50.54 299.24 115.94
001489 0.107 405.73 80.26 498.29 161.44
001489 0.941 420.9 221.5 500 277.69
001489 0.333 1.61 7.39 74.76 87.9
001513 0.073 428.12 158.37 500 351.22
001519 0.903 25.87 240.7 124.87 333.52
001534 0.392 259.19 272.74 341.09 353.38
001534 0.933 87.28 267.99 184.08 321.93
001534 0.625 3.64 280.56 91.64 343.04
001534 0.526 161.05 194.98 233.05 279.44
001534 0.41 116.35 181.04 172.51 244.26
001551 0.239 0 226.74 145.0 375
001551 0.649 171.03 195.96 464.79 375
001599 0.345 306.57 129.14 361.32 212.56
001599 0.573 164.82 150.8 240.82 241.7
001599 0.209 495.07 239.29 500 350.17
001599 0.465 358.16 255.57 476.81 310.47
001600 0.979 87.82 264.35 141.72 375
001600 0.226 301.32 268.47 451.47 298.68
001609 0.088 124.48 102.78 195.04 161.09
001609 0.699 335.23 122.05 373.87 218.87
001609 0.805 32.61 115.54 73.46 193.64
001609 0.325 6.07 161.99 36.37 255.11
001629 0.14 61.42 298.62 126.42 375
001657 0.894 326.85 78.03 433.55 277.71
001657 0.217 143.19 184.01 331.14 349.63
001670 0.53 201.72 47.15 318.72 177.83
001670 0.407 303.65 39.46 375 141.11
001674 0.817 218.69 287.19 292.95 321.23
001674 0.787 46.3 283.67 111.3 364.51
001674 0.547 60.5 325.7 155.54 375
001674 0.148 384.49 357.37 407.43 375
001696 0.449 430.84 147.1 482.78 265.87
001696 0.994 321.45 238.84 407.69 331
001712 0.585 4.72 270.27 126.24 372.03
001715 0.804 245.28 75.27 293.73 136.11
001735 0.806 91.56 59.64 224.42 322.44
001742 0.527 129.85 245.8 261.25 467.28
001762 0.939 2.49 93.94 500 374.74
001773 0.018 224.18 193.22 269.5 213.17
001773 0.246 159.87 301.68 235.2 376
001773 0.922 108.86 207.39 194.72 327.9
001805 0.46 251.92 98.78 364.72 145.7
001805 0.003 0.91 132.37 38.35 234.67
001811 0.979 400.88 151.36 432.83 182.51
001811 0.131 126.01 177.14 162.59 189.56
001814 0.33 235.65 12.17 414.15 217.97
001826 0.43 361.46 269.58 449.57 375
001856 0.58 202.87 246.5 251.63 345.3
001856 0.661 108.39 253.94 142.39 306.14
001868 0.497 6.55 207.48 122.65 370.22
001914 1.0 260.08 200.48 371.95 333.83
001914 0.364 0 350.03 95.14 500
001942 0.966 4.42 130.06 48.97 189.46
001949 0.153 131.27 334.83 303.27 500
001949 0.049 256.24 313.77 375 500
001949 0.707 38.52 278.04 135.34 500
001949 0.705 152.57 240.48 231.42 273.96
001957 0.717 438.29 347.59 500 458
001961 0.067 0 194.08 165.83 343.46
001990 0.97 472.43 60.84 500 80.41
001990 0.49 429.2 79.2 500 198.0
001990 0.181 410.12 65.97 486.26 220.25
001990 0.58 209.62 170.05 365.02 375
001990 0.015 170.67 128.55 301.48 340.41
001990 0.891 0 133.42 112.1 343.37
001990 0.018 0 234.0 129.8 362.31
002065 0.102 239.19 0 500 177.84
002081 0.34 0 88.25 69.66 176.36
002087 0.593 393.25 309.94 468.13 375
002100 0.403 235.38 230.55 268.66 276.96
002100 0.54 201.92 286.4 226.11 327.07
002100 0.094 105.12 236.94 146.32 293.64
002141 0.973 249.22 169.28 295.66 223.34
002159 0.719 428.24 58.85 500 255.73
002159 0.989 5.76 64.82 82.2 197.36
002159 0.162 66.68 184.29 123.36 366.57
002161 0.708 187.82 230.46 241.82 305.08
002161 0.597 155.11 236.77 213.61 319.16
002167 0.418 294.3 173.16 361.89 324.84
002167 0.815 339.15 148.11 406.99 333
002189 0.996 88.77 66.83 182.05 250.35
002207 0.991 302.56 366.8 476 500
002240 0.235 323.19 141.08 375 313.88
002264 0.553 203.98 228.36 271.18 379.56
002297 0.416 360.08 150.32 487.76 375
002298 0.984 42.48 65.3 437.27 328.34
002298 0.888 240.7 122.41 456.7 267.55
002301 0.892 385.25 241.75 500 375
002301 0.79 0 225.58 156.45 375
002322 0.529 125.94 363.89 222.76 498.82
002322 0.247 7.04 362.33 126.63 500
002322 0.663 293.02 335.98 348.1 500
002322 0.345 44.34 323.92 111.75 360.4
002322 0.117 142.78 319.8 204.22 359.04
002353 0.138 27.42 248.41 180.43 375
002353 0.284 267.81 219.1 304.29 239.68
002353 0.418 199.45 239.02 252.49 328.32
002353 0.409 194.86 225.07 215.79 248.53
002365 0.923 249.2 0 333 485.12
002389 0.165 79.32 191.18 226.83 375
002389 0.12 209.5 170.59 294.14 298.27
002389 0.48 322.57 193.75 451.53 375
002389 0.13 253.81 217.78 373.77 375
002414 0.012 327.2 310.68 488.8 375
002414 0.895 1.91 325.02 246.91 375
002449 0.675 240.81 295.38 430.19 373.95
002449 0.054 294.26 258.68 392.16 282.68
002449 0.631 155.46 250.58 219.09 305.18
002463 0.966 195.73 365.3 293.03 500
002463 0.671 0 308.82 112.36 408.81
002499 0.778 132.29 291.46 405.53 332.74
002499 0.827 0 106.12 54.5 227.8
002503 0.153 0 357.7 117.66 500
002506 0.927 67.67 378.28 199.04 500
002506 0.292 31.89 102.4 202.58 500
002506 0.15 3.97 0 100.27 156.88
002506 0.282 3.3 22.48 41.46 256.78
002506 0.95 294.26 17.0 332.37 207.65
002510 0.267 0 121.38 165.3 252.42
002510 0.053 270.38 99.73 292.43 127.81
002510 0.341 244.83 91.83 273.25 115.81
002510 0.647 166.75 89.93 196.99 115.15
002510 0.22 173.97 108.72 212.19 197.01
002552 0.53 0 317.19 299.0 490.95
002575 0.517 12.71 289.5 60.49 370.87
002575 0.298 45.1 203.1 74.54 252.27
002581 0.757 492.1 73.5 500 172.3
002604 0.151 230.12 110.8 497.4 290.35
002610 0.013 238.5 312.45 372.15 360.45
002610 0.495 17.12 315.94 118.77 375
002610 0.227 74.68 334.41 239.48 374.18
002617 0.43 49.55 133.12 135.66 237.0
002617 0.527 12.46 123.72 68.62 214.72
002638 0.07 212.27 184.25 350.29 365.15
002644 0.474 147.05 185.38 268 349.28
002650 0.883 255.18 153.83 299.58 314.78
002650 0.915 217.58 62.74 301.28 202.06
002654 0.847 108.09 349.07 211.33 375
002663 0.866 266.71 0 499.91 258.72
002674 0.742 339.24 305.26 400.84 366.82
002674 0.98 378.82 325.63 434.41 372.04
002674 0.37 449.35 307.12 500 366.0
002674 0.109 176.7 322.8 259.32 373.15
002674 0.348 162.07 255.47 217.93 308.48
002674 0.585 122.08 270.77 167.02 327.42
002674 0.113 35.75 297.9 102.95 375
002674 0.615 9.72 295.94 60.6 369.67
002705 0.332 4.1 182.05 98.1 348.57
002705 0.401 408.75 200.44 474.39 303.94
002705 0.786 430.22 234.89 500 366.78
002724 0.002 7.18 232.61 138.78 375
002724 0.107 174.21 233.42 333.07 375
002724 0.063 366.57 211.98 433.89 302.19
002724 0.822 352.0 179.98 406.54 234.43
002724 0.02 197.52 174.72 243.42 235.71
002724 0.348 85.39 130.82 158.55 165.8
002753 0.999 375.7 205.44 476.28 312.78
002753 0.071 97.4 225.42 236.5 359.74
002777 0.829 272.98 201.35 317.14 285.09
002777 0.187 303.1 212.5 469.57 358.78
002777 0.749 236.89 188.7 271.85 259.05
002777 0.483 181.51 174.43 210.41 248.67
002777 0.496 143.35 226.56 220.75 300.27
002777 0.181 212.08 212.73 297.88 324.01
002787 0.348 50.8 45.41 500 375
002788 0.863 133.08 186.16 215.9 282.62
002788 0.874 265.23 194.42 334.24 334
002788 0.274 37.77 173.57 136.47 290.87
002788 0.216 7.83 161.3 97.44 256.7
002788 0.707 2.33 138.19 51.83 193.65
002788 0.341 60.29 132.24 100.28 154.04
002788 0.758 110.21 110.57 126.95 126.09
002788 0.835 207.58 136.97 238.93 157.97
002792 0.751 140.31 249.08 246.09 371.48
002809 0.78 214.2 398.25 256.97 499.45
002809 0.452 25.6 223.28 66.19 271.88
002813 0.117 261.24 157.51 335.76 240.81
002813 0.774 212.46 211.56 406.5 363.56
002846 0.697 99.58 87.7 135.42 202.18
002846 0.367 89.49 152.65 136.96 249.61
002850 0.562 111.35 233.84 303.21 375
002862 0.773 49.39 242.2 123.12 334
002862 0.44 209.39 214.82 271.61 299.21
002862 0.419 88.85 197.5 123.81 249.5
002862 0.83 212.9 217.29 231.8 231.43
002862 0.752 187.13 211.38 202.88 224.34
002885 0.555 113.56 217.85 308.53 375
002907 0.722 13.46 239.2 123.55 375
002928 0.627 119.04 70.17 376.64 304.8
002930 0.827 96.19 165.78 176.55 300.71
002930 0.597 207.67 270.53 251.89 320
002930 0.613 320.9 178.55 409.22 320
002930 0.505 249.41 116.11 343.15 204.31
002930 0.394 346.21 126.19 392.22 170.19
002930 0.58 126.13 134.64 196.21 192.42
002930 0.021 244.05 160.41 322.17 310.83
002930 0.683 288.6 42.11 326.68 124.39
002974 0.789 71.8 226.68 138.95 347.43
002974 0.086 26.38 208.53 92.38 307.11
003049 0.852 247.77 244.89 365.37 375
003049 0.056 170.47 245.42 290.17 368.18
003049 0.086 49.64 224.59 149.39 343.97
003049 0.684 127.07 212.0 181.39 239.56
003049 0.608 81.46 288.93 180.68 375
003049 0.506 0 198.79 65.27 275.09
003115 0.821 245.22 220.23 276.58 316.02
003115 0.304 157.57 129.55 205.1 223.28
003123 0.583 407.44 238.44 476.6 375
003139 0.093 419.15 37.58 452.75 117.56
003139 0.155 439.35 119.22 500 198.59
003139 0.856 351.54 70.36 431.62 129.76
003139 0.506 114.04 52.7 153.04 102.53
003139 0.397 96.5 88.05 165.14 134.58
003139 0.241 190.0 50.4 241.5 139.44
003139 0.702 8.0 95.75 67.16 251.45
003141 0.746 243.25 161.43 318.51 203.23
003141 0.237 339.57 146.41 377.33 245.32
003141 0.352 334.24 182.68 427.3 305.8
003141 0.104 395.88 211.82 500 364.7
003141 0.269 127.68 156.89 184.08 224.57
003141 0.671 75.79 190.26 138.51 281.46
003141 0.851 0 164.71 71.44 324.36
003141 0.826 66.64 317.05 334.38 375
003206 0.9 146.49 137.23 225.61 259.63
003221 0.82 409.78 249.14 493.61 350.12
003245 0.484 35.72 199.4 101.0 295.4
003245 0.443 156.13 195.68 219.83 306.96
003245 0.021 321.14 202.21 380.36 299.03
003245 0.133 148.62 162.99 213.42 204.84
003245 0.994 352.16 93.62 408.44 231.78
003251 0.617 271.28 228.24 451.04 374.25
003251 0.969 266.93 166.62 360.98 297.88
003251 0.22 99.52 171.66 211.79 333.9
003251 0.825 132.92 144.69 203.94 230.53
003297 0.365 0 470.15 109.2 500
003297 0.386 301.5 177.01 332.81 259.18
003297 0.342 303.38 216.92 354.83 344.32
003297 0.492 45.61 182.1 103.75 257.54
003297 0.372 1.58 199.72 62.62 304.22
003314 0.191 6.39 325.98 162.09 375
003314 0.125 271.93 283.38 466.51 366.18
003319 0.011 194.91 0 489.21 292.04
003322 0.167 445.62 243.4 500 375
003323 0.229 50.65 107.23 114.97 206.23
003323 0.32 8.0 133.36 66.8 263.36
003323 0.728 48.52 242.37 190.26 375
003323 0.466 337.91 132.89 424.36 241.97
003323 0.341 343.69 149.82 493.15 375
003323 0.521 457.1 295.25 500 375
003341 0.723 397.57 158.38 491.65 272.87
003345 0.754 35.0 239.99 79.28 302.31
003345 0.785 123.38 201.44 158.34 228.6
003345 0.694 178.88 203.93 217.68 221.75
003345 0.377 240.46 204.96 281.05 223.86
003345 0.723 295.64 205.65 338.06 230.65
003345 0.283 376.86 203.04 412.14 241.84
003345 0.286 369.89 203.65 431.09 311.94
003345 0.652 306.05 227.12 382.02 347.12
003345 0.148 232.74 217.72 295.14 347.5
003345 0.561 154.67 303.88 243.73 375
003345 0.878 90.49 216.93 158.47 341.09
003345 0.995 24.58 213.66 82.54 345.1
003384 0.748 253.75 0 340.0 151.51
003384 0.116 275.76 1.0 395.76 88.3
003438 0.592 157.51 8.33 348.51 358.13
003448 0.991 1.91 145.91 126.14 305.96
003448 0.393 186.05 114.19 298.37 279.55
003459 0.585 355.92 314.52 498.96 371.22
003459 0.375 396.72 205.85 500 338.97
003459 0.768 371.57 164.63 401.95 199.97
003459 0.4 126.61 145.03 200.87 194.17
003459 0.563 36.75 112.42 58.14 128.74
003490 0.897 3.55 0 94.33 60.6
003502 0.445 145.04 132.85 233.78 296.51
003502 0.659 251.41 137.54 363.73 168.5
003502 0.994 9.55 138.62 111.67 318.14
003502 0.344 342.54 148.25 451.02 323.88
003502 0.292 224.12 203.43 356.43 375
003502 0.1 144.44 122.43 330.74 337.16
003520 0.881 0 150.66 117.78 280.29
003520 0.834 198.28 0 288.68 159.84
003526 0.537 378.15 162.37 419.0 241.55
003532 0.674 0 234.81 127.53 334
003541 0.152 274.95 338.3 373.75 476.3
003582 0.212 319.45 121.85 395.67 216
003590 0.438 56.71 180.42 126.78 295.78
003590 0.729 317.22 132.28 429.58 285.29
003600 0.984 1.53 184.04 82.52 364.54
003600 0.138 297.35 178.39 500 390
003617 0.046 21.83 187.43 138.65 375
003617 0.46 202.02 297.73 373.1 371.44
003643 0.003 325.61 286.14 368.36 478.74
003643 0.827 0 292.87 123.5 430.21
003650 0.351 269.75 5.55 423.67 140.85
003676 0.01 43.96 183.55 149.89 294.7
003736 0.926 84.0 82.73 392.0 375
003736 0.542 443.93 375 500 375
003738 0.748 367.02 32.5 457.26 188.56
003755 0.04 329.06 221.93 484.16 352.97
003755 0.057 122.94 257.24 322.44 370.1
003761 0.869 199.38 200.6 325.22 362.2
003761 0.87 83.1 176.62 209.79 375
003761 0.13 183.3 136.9 270.66 287.96
003770 0.895 379.19 362.18 484.31 375
003770 0.652 291.9 40.73 429.26 134.23
003770 0.456 61.82 79.03 169.94 182.71
003770 0.441 0 102.79 71.28 239.59
003775 0.662 313.86 9.3 399.0 88.98
003775 0.638 54.06 22.2 404.23 333
003819 0.249 425.29 219.6 500 376
003825 0.01 166.66 106.21 482.22 375
003853 0.329 297.21 175.72 356.61 245
003853 0.135 340.38 176.43 412.48 236.49
003853 0.711 346.8 129.66 390.0 182.19
003853 0.858 328.0 112.33 370.63 129.33
003853 0.911 286.26 134.49 315.66 210.48
003881 0.791 202.37 22.29 262.17 94.0
003881 0.134 120.68 33.2 189.16 104.6
003881 0.962 24.24 31.32 96.69 119.43
003894 0.188 193.31 0 286.4 94.5
003894 0.919 270.0 101.96 393.0 186.92
003902 0.213 294.88 200.65 360.28 322.45
003902 0.648 332.48 259.06 374.48 408.54
003902 0.074 20.02 199.8 57.54 351.76
003928 0.547 33.25 106.96 281.05 191.62
003950 0.308 202.85 176.8 245.27 281.3
003950 0.978 146.03 180.92 203.27 271.17
003950 0.388 105.88 183.02 150.17 276.02
003950 0.447 102.9 233.62 122.88 320
003950 0.533 106.91 172.67 140.19 201.29
003950 0.211 206.91 175.91 228.75 216.87
004040 0.433 49.17 233.63 142.26 360.51
004040 0.396 139.73 213.89 198.53 303.33
004045 0.125 1.88 106.22 22.25 245.38
004053 0.672 91.05 175.81 109.65 202.41
004053 0.401 75.25 203.28 103.96 279.72
004053 0.205 107.9 207.61 159.74 299.83
004053 0.14 144.38 195.08 171.98 213.88
004061 0.184 10.53 0 320 222.78
004064 0.355 172.97 321.1 500 371.1
004068 0.95 85.78 0 153.36 86.43
004068 0.105 0 17.8 149.85 89.8
004098 0.568 220.86 120.19 326.64 257.97
004098 0.174 379.62 165.45 451.06 310.95
004109 0.661 127.82 87.14 321.32 340.1
004119 0.433 447.6 190.16 500 333
004128 0.126 69.45 175.36 233.21 364.36
004128 0.932 0 132.82 23.52 216.02
004128 0.344 266.76 49.04 308.62 112.84
004139 0.585 59.6 48.74 500 333.94
004139 0.009 399.34 95.34 448.34 181.22
004139 0.962 424.1 33.86 500 220.62
004166 0.202 493.43 182.37 500 207.45
004166 0.004 358.4 193.5 396.0 236.62
004166 0.422 298.68 206.22 353.68 256.2
004166 0.827 267.18 281.46 375.09 332
004180 0.867 202.25 19.28 281.0 118.16
004227 0.471 64.88 185.82 357.83 375
004227 0.142 274.66 153.63 500 375
004227 0.523 430.93 131.2 500 301.89
004250 0.972 138.6 105.31 164.86 139.31
004250 0.313 128.3 114.82 159.65 154.99
004250 0.75 127.04 165.82 161.6 207.67
004250 0.458 101.43 130.43 148.07 203.87
004250 0.345 75.29 147.85 133.29 213.37
004250 0.191 64.62 154.31 130.28 284.85
004250 0.277 10.23 189.28 94.78 398.23
004250 0.135 0 443.51 28.09 480
004250 0.314 110.61 97.35 134.27 125.16
004262 0.315 161.8 251.42 253.36 337.9
004319 0.982 142.19 104.0 253.29 190.4
004319 0.798 5.44 118.41 51.34 201.13
004319 0.323 185.79 174.62 500 340.22
004348 0.801 149.46 4.06 372.4 151.4
004363 0.477 100.31 162.54 224.76 227.86
004366 0.745 57.69 133.92 208.61 359.49
004366 0.613 318.98 114.14 458.48 243.68
004449 0.806 59.23 221.46 196.22 375
004449 0.267 41.26 174.83 123.94 317.39
004449 0.728 489.21 187.52 500 229.52
004449 1.0 78.07 113.24 130.54 193.24
004449 0.694 103.11 101.21 147.21 176.47
004486 0.957 20.63 56.4 144.79 205.2
004491 0.876 166.2 154.51 432.4 353.41
004491 0.652 429.28 259.4 500 373.4
004506 0.453 88.8 101.4 340.8 500
004525 0.985 381.25 6.47 500 129.04
004559 0.513 269.8 244.01 365.48 327
004559 0.203 299.68 215.85 339.46 286.4
004559 0.228 290.15 204.05 347.15 269.97
004559 0.649 298.62 192.3 330.55 237.8
004559 0.973 333.76 206.13 350.32 246.03
004559 0.382 421.61 212.21 447.09 279.16
004559 0.208 447.04 243.8 481.6 316.3
004559 0.212 421.73 191.31 463.09 246.43
004559 0.402 484.36 200.16 500 266.9
004559 0.263 379.83 193.78 403.29 221.86
004567 0.747 369.63 335.61 441.41 375
004620 0.714 0 0 153.55 214.32
004620 0.867 431.7 17.49 500 275.61
004640 0.279 414.35 237.1 500 375
004640 0.435 0.17 223.0 114.62 364.68
004640 0.699 8.77 275.93 157.76 375
004661 0.965 83.42 124.26 456.77 375
004661 0.854 77.33 114.32 289.49 300.08
004668 0.737 106.32 348.16 239.88 375
004668 0.029 0 73.5 167.62 291.0
004677 0.089 104.47 206.47 205.27 468.13
004695 0.258 309.47 205.97 449.31 321.54
004698 0.283 176.49 158.21 196.44 207.43
004698 0.716 132.62 154.61 152.94 197.38
004698 0.987 113.88 153.38 134.48 196.15
004712 0.605 338.5 143.81 371.4 232.08
004712 0.185 343.1 114.78 377.3 229.92
004712 0.061 201.98 130.32 261.83 262.32
004712 0.184 122.59 171.53 209.69 292.53
004716 0.247 355.11 152.26 500 310.6
004717 0.623 0 405.85 287.04 500
004733 0.889 0 179.09 264.62 500
004744 0.343 181.31 157.09 342.81 276.99
004780 0.753 294.68 429.69 318.68 465.79
004781 0.039 212.95 208.62 324.25 332.38
004781 0.044 0 202.01 68.08 287.69
004791 0.541 66.8 79.66 155.12 282.12
004813 0.632 71.4 196.08 158.07 317.88
004813 0.06 278.18 159.91 365.73 328.63
004820 0.725 0.05 352.59 63.05 500
004862 0.676 4.38 352.6 48.48 500
004881 0.6 13.05 126.61 172.65 187.09
004881 0.353 162.4 143.71 374.4 200.13
004881 0.346 429.92 15.71 500 130.2
004887 0.931 307.48 145.08 500 326.08
004892 0.322 350.47 224.39 420.01 335.67
004892 0.721 309.83 163.3 360.79 183.7
004892 0.313 252.14 170.35 300.44 183.79
004892 0.923 200.24 171.9 248.39 184.62
004892 0.844 162.33 185.12 199.71 196.68
004892 0.315 81.28 183.72 104.28 207.47
004892 0.863 57.3 194.8 90.78 222.24
004892 0.15 43.32 237.36 68.16 253.31
004892 0.198 2.47 220.95 16.87 247.68
004892 0.794 276.06 181.45 345.61 266.08
004892 0.129 185.6 202.7 248.84 286.16
004892 0.813 137.47 214.47 192.47 292.48
004892 0.519 121.34 241.55 159.14 284.32
004918 0.903 0 70.63 478.08 266.15
004923 0.423 0 42.14 84.6 147.71
004964 0.65 438.09 205.28 500 296.27
004971 0.102 203.85 179.56 420.99 360.8
004971 0.318 99.78 248.76 286.98 374.04
005040 0.745 57.77 232.35 165.29 334.65
005044 0.371 233.38 82.7 404.98 211.32
005044 0.145 78.27 117.66 283.29 331
005044 0.983 0 91.68 111.1 302.58
005044 0.871 93.78 94.45 200.9 238.45
005044 0.108 2.76 104.5 38.76 190.82
005050 0.143 0 7.09 500 375
005060 0.516 7.31 301.15 43.76 375
005103 0.748 131.15 227.49 165.93 353.22
005174 0.836 353.49 83.36 423.79 136.37
005174 0.458 0 0 43.66 73.44
005174 0.953 185.47 198.66 357.61 374.43
005180 0.803 161.79 368.27 375 500
005180 0.668 0 289.9 79.2 409.46
005184 0.532 313.92 234.88 394.5 346.99
005184 0.723 190.0 307.59 317.53 375
005184 0.895 159.98 260.42 274.46 368.9
005193 0.545 41.58 5.88 260.46 206.72
005196 0.301 473.9 74.82 500 108.74
005196 0.033 0 57.88 39.22 94.68
005218 0.545 130.87 58.1 378.81 253.94
005233 0.225 244.46 320.76 443.4 375
005233 0.766 369.62 221.05 496.67 356.05
005233 0.118 160.86 147.33 236.78 194.37
005233 0.744 151.33 172.85 182.44 287.85
005233 0.331 91.14 99.93 114.02 117.57
005266 0.149 180.82 170.02 266.92 252.64
005266 0.188 288.34 161.42 380.56 256.82
005279 0.204 37.98 47.02 305.88 330
005286 0.947 7.86 0 471.18 354.35
005291 0.702 401.66 208.2 473.06 307.2
005291 0.329 443.48 236.25 500 356.25
005291 0.697 4.47 219.53 27.47 375
005295 0.77 290.32 199.31 374.32 334.61
005295 0.957 294.58 188.11 358.78 254.03
005302 0.812 108.61 195.2 132.79 243.7
005302 0.9 141.33 194.14 163.89 238.73
005302 0.73 170.99 195.24 189.52 245.46
005302 0.999 185.41 193.16 215.11 235.48
005302 0.131 83.31 184.75 112.43 231.55
005302 0.731 116.5 179.13 137.3 196.95
005302 0.926 98.32 181.46 110.92 197.94
005302 0.841 140.51 183.38 157.79 200.34
005302 0.239 162.58 179.72 176.68 201.32
005302 0.427 193.8 185.59 205.8 200.15
005302 0.095 244.39 178.3 260.71 214.57
005302 0.932 259.4 187.4 269.3 224.6
005302 0.306 270.73 186.11 281.62 226.44
005313 0.208 47.93 40.82 188.53 339.69
005323 0.554 221.85 28.53 482.78 375
005362 0.554 170.06 265.34 215.6 306.64
005362 0.422 165.48 159.35 206.42 193.91
005362 0.83 80.58 222.29 131.07 284.43
005362 0.366 277.4 226.71 316.01 288.32
005362 0.704 326.61 206.39 347 263.51
005362 0.408 21.35 252.57 57.62 306.15
005362 0.682 0 204.0 35.04 227.28
005412 0.496 2.54 317.22 31.66 374.82
005412 0.043 154.77 183.95 291.12 260.81
005412 0.509 205.82 334.47 277.22 375
005412 0.986 314.85 217.5 411.1 276.24
005464 0.213 42.28 128.75 144.28 271.25
005464 0.454 293.31 70.99 331.95 228.67
005474 0.953 20.68 0 133.96 370.72
005498 0.806 419.76 164.31 500 300.99
005498 0.297 0 252.02 172.04 375
005545 0.307 45.59 249.68 83.33 413.58
005555 0.303 128.06 58.83 463.41 375
005555 0.047 308.31 0 481.77 185.4
005556 0.127 9.48 278.62 125.02 331.06
005589 0.757 394.16 71.74 465.56 195.58
005589 0.183 328.2 110.4 427.56 264.9
005596 0.875 88.28 284.42 212.75 471.62
005597 0.834 334.95 154.48 394.31 191.48
005597 0.609 248.1 153.98 280.74 195.78
005597 0.857 200.0 156.82 249.82 199.12
005597 0.37 153.94 164.22 210.06 226.62
005597 0.121 108.78 166.36 159.0 230.22
005597 0.455 67.85 186.7 120.65 276.02
005597 0.15 0 230.28 136.24 375
005597 0.941 389.92 164.52 416.44 287.57
005597 0.342 362.36 171.2 410.06 291.8
005597 0.178 339.15 186.39 378.92 329.61
005597 0.891 292.91 236.78 351.84 353.78
005597 0.168 154.95 218.26 288.27 375
005623 0.031 370.33 0 493.05 125.08
005627 0.756 167.26 175.24 260.86 271.84
005661 0.773 150.45 255.24 251.46 375
005661 0.61 4.27 245.62 140.89 366.88
005661 0.55 58.24 207.84 140.65 231.16
005661 0.221 202.9 185.35 263.62 207.13
005661 0.039 276.38 124.76 300.12 166.18
005665 0.881 233.28 198.44 314.46 320.48
005665 0.967 82.9 156.29 175.96 278.09
005665 0.037 47.81 106.92 113.61 208.89
005665 0.641 91.29 64.02 150.19 139.46
005665 0.246 202.44 56.65 243.84 130.15
005665 0.479 370.68 162.54 481.86 275.4
005665 0.27 375.97 106.65 472.99 165.87
005665 0.335 374.85 30.59 413.37 89.0
005665 0.912 336.0 32.45 375.96 87.56
005665 0.521 290.52 41.62 327.89 100.42
005665 0.871 433.35 32.56 493.85 91.15
005665 0.286 235.21 32.65 277.72 84.97
005665 0.477 250.45 36.94 286.34 97.71
005665 0.885 328.37 69.19 382.06 145.81
005703 0.595 95.67 136.12 375 500
005725 0.44 146.56 161.3 158.66 210.8
005725 0.254 158.22 169.95 184.47 248.23
005725 0.708 58.91 168.82 196.06 307.94
005725 0.829 52.85 170.0 356.73 485.0
005725 0.707 359.39 184.09 375 298.75
005725 0.261 267.81 416.01 375 500
005726 0.775 161.27 2.07 278.64 41.02
005727 0.365 0.54 191.5 49.3 278.89
005734 0.045 3.39 168.41 43.29 277.59
005734 0.842 59.05 180.22 146.79 294.9
005734 0.441 228.45 199.53 341.87 294.93
005734 0.788 183.3 237.73 316.19 375
005734 0.672 381.15 375 418.27 375
005745 0.462 130.96 284.21 294.31 435.68
005745 0.181 0.36 321.39 84.36 422.09
005754 0.378 189.36 198.92 273.19 297.02
005766 0.264 17.26 132.38 107.9 249.75
005766 0.389 455.43 139.09 493.97 270.98
005766 0.67 369.82 115.41 420.07 264.91
005767 0.846 437.73 64.59 500 165.84
005827 0.633 0 358.22 149.1 375
005844 0.524 70.54 274.27 174.14 375
005844 0.83 118.72 67.5 310.56 335.7
005844 0.894 192.71 80.88 310.08 286.8
005844 0.537 228.06 85.36 398.62 338.36
005858 0.846 197.21 45.1 258.39 71.1
005858 0.969 221.31 17.52 251.07 76.42
005858 0.453 337.55 20.16 379.79 77.4
005858 0.793 366.45 52.67 406.13 115.85
005858 0.148 296.64 20.88 344.34 81.38
005858 0.824 423.89 25.6 474.5 82.16
005898 0.538 0 201.17 57.68 342.22
005898 0.679 424.17 122.42 465.12 159.53
005898 0.791 364.06 158.3 443.12 249.32
005898 0.858 418.17 117.52 471.86 201.22
005898 0.324 282.45 142.58 325.35 171.83
005898 0.88 293.54 119.42 346.06 158.94
005898 0.131 281.0 129.2 343.4 168.26
005898 0.349 257.92 118.4 291.58 168.54
005898 0.51 244.76 125.46 281.24 170.05
005898 0.168 188.95 133.34 232.21 182.84
005898 0.845 378.5 102.95 405.1 133.61
005898 0.424 347.22 132.05 394.75 196.37
005907 0.907 263.44 135.14 330.0 230.18
005934 0.438 74.94 27.47 449.86 353.65
005934 0.979 0 360.12 26.56 375
005941 0.117 242.29 199.41 352.5 368.36
005941 0.746 142.5 220.22 258.06 375
005941 0.011 5.25 264.68 96.2 375
005941 0.891 152.17 230.72 195.64 270.27
005976 0.495 294.23 169.49 370.67 328.57
005976 0.009 71.22 219.38 190.02 333
005976 0.525 292.7 221.77 397.7 268.27
005994 0.509 0 254.35 32.67 279.31
005994 0.426 0 270.15 46.8 332.87
005994 0.508 57.99 248.62 103.59 272.08
005994 0.422 85.86 257.13 144.06 290.79
006010 0.113 0.72 222.61 90.1 344.81
006010 0.708 65.91 176.72 140.81 277.52
006010 0.672 200.8 185.85 289.84 278.77
006010 0.043 315.65 173.3 355.82 244.14
006010 0.04 322.65 179.56 352.61 205.49
006010 0.476 335.56 170.62 353.38 193.3
006010 0.995 380.29 154.27 424.93 182.62
006010 0.443 401.22 237.01 440.28 328.99
006010 0.9 326.87 161.47 410.51 255.26
006010 0.375 113.79 194.08 204.09 313.98
006050 0.392 84.76 0 369.88 375
006056 0.128 233.49 33.38 313.41 122.62
006056 0.387 48.76 93.86 166.52 199.05
006057 0.594 12.1 217.96 105.1 375
006057 0.247 100.6 203.18 171.16 317.57
006057 0.757 177.3 217.65 284.3 372.15
006057 0.62 233.29 187.61 303.49 309.29
006081 0.833 100.52 308.44 148.46 394.96
006081 0.742 207.49 195.7 263.0 292.6
006081 0.693 95.05 199.8 152.73 276.06
006081 0.998 93.12 168.43 119.16 196.33
006081 0.549 126.75 163.63 152.68 188.07
006081 0.559 235.89 184.05 260.46 212.13
006081 0.572 188.26 176.09 218.34 199.19
006086 0.438 278.83 121.95 474.93 261.63
006093 0.366 391.69 272.59 474.46 359.95
006093 0.98 65.96 163.4 146.62 272.48
006126 0.103 331.27 160.1 446.41 265.19
006126 0.881 0 213.69 174.41 328.64
006142 0.952 6.3 142.3 158.24 283.1
006145 0.97 364.15 289.83 500 332.83
006145 0.775 420.4 99.34 500 197.62
006145 0.083 215.4 117.88 272.04 183.16
006145 0.462 159.51 104.25 212.64 177.98
006145 0.476 0 65.71 64.89 169.66
006169 0.136 394.89 258.66 500 322.56
006226 0.431 154.48 449.53 326.56 481.38
006271 0.962 31.78 2.88 198.98 87.36
006271 0.871 367.62 18.86 480.12 151.85
006274 0.306 409.48 46.15 465.88 90.95
006274 0.644 331.98 74.96 374.12 161.09
006274 0.842 166.07 64.46 193.97 111.38
006287 0.341 470.63 240.0 495.83 368.27
006293 0.067 86.98 185.9 203.62 282.92
006297 0.153 209.87 211.26 331.77 269.84
006297 0.477 62.76 75.6 191.07 218.6
006307 0.368 141.03 107.31 269.37 169.87
006359 0.359 165.0 24.22 494.67 265.5
006359 0.829 224.94 137.2 500 268.52
006393 0.53 275.22 315.22 391.47 333
006393 0.405 245.86 182.2 302.02 232.2
006393 0.907 405.62 160.79 442.93 220.64
006393 0.684 397.88 146.45 441.0 191.1
006393 0.72 424.52 153.28 457.64 198.6
006422 0.142 5.3 275.82 184.7 375
006422 0.898 387.11 264.89 500 375
006451 0.31 68.61 0 482.61 237.54
006453 0.258 0 243.7 57.0 372.4
006457 0.367 0 41.24 497.76 438
006461 0.818 55.46 198.72 107.9 254.52
006461 0.762 26.17 197.68 58.87 312.16
006461 0.042 53.27 209.28 140.17 323.52
006461 0.845 156.38 194.73 178.7 228.57
006461 0.104 180.74 202.1 214.34 236.66
006461 0.907 133.39 217.73 223.03 333
006477 0.444 0 245.29 55.25 444.95
006477 0.208 340.71 198.01 375 369.61
006477 0.432 94.62 351.7 193.98 438.1
006514 0.71 71.0 82.75 162.25 351.98
006541 0.454 179.47 227.45 198.79 250.95
006541 0.296 237.57 262.43 259.32 299.93
006541 0.076 307.83 261.18 339.83 287.18
006541 0.266 93.84 244.45 147.39 317.2
006541 0.619 168.16 295.78 200.49 319
006541 0.814 205.2 310.68 250.42 319
006541 0.8 409.67 288.43 423.67 314.69
006541 0.801 49.47 244.06 61.31 271.03
006541 0.519 4.25 247.59 60.93 315.21
006546 0.507 464.33 222.24 493.97 288.24
006546 0.765 0 241.17 59.8 366.83
006546 0.605 113.73 169.78 145.35 220.78
006546 0.236 129.8 145.39 156.06 190.96
006546 0.82 304.24 107.14 343.84 156.36
006546 0.449 223.16 114.14 269.51 149.5
006546 0.034 87.21 163.07 104.21 215.07
006624 0.693 376.72 210.02 417.57 297.32
006624 0.789 355.78 322.53 414.95 371.82
006624 0.82 96.41 178.81 158.72 225.22
006630 0.056 286.23 206.68 500 348.36
006630 0.18 0 176.92 45.45 243.35
006633 0.161 279.73 133.32 461.63 350.6
006646 0.313 158.25 398.57 204.16 500
006646 0.94 47.63 316.52 137.83 473.32
006662 0.216 368.35 196.18 500 375
006662 0.594 406.64 232.19 500 289.03
006662 0.24 42.58 216.01 228.07 352.81
006663 0.117 452.78 54.22 500 134.25
006676 0.773 49.12 158.5 161.62 266.79
006705 0.333 130.32 152.85 264.48 235.24
006721 0.588 5.97 22.68 110.34 104.46
006721 0.905 184.02 18.5 277.12 105.9
006721 0.891 268.4 28.84 350.15 137.0
006721 0.039 406.86 55.37 500 203.61
006721 0.319 13.69 255.0 134.22 371.25
006743 0.779 1.44 184.12 33.4 331.54
006745 0.773 257.62 191.62 347.5 264.38
006745 0.837 178.43 215.19 263.03 303.39
006745 0.506 159.97 153.36 207.05 204.51
006745 0.77 101.77 212.08 183.09 323.26
006774 0.239 0 0 500 367.29
006780 0.885 0 26.19 335 363.0
006792 0.271 210.56 40.86 327.11 230.38
006792 0.056 279.43 108.23 364.93 296.33
006795 0.005 302.33 185.73 424.73 313.57
006826 0.046 119.59 162.06 178.87 354.3
006826 0.234 57.43 148.15 116.83 177.73
006826 0.253 228.78 139.62 288.18 256.25
006826 0.987 187.89 145.65 254.84 243.57
006826 0.262 283.4 185.8 486.4 375
006830 0.334 459.28 228.15 500 361.65
006895 0.791 0 157.9 203.82 312.7
006923 0.856 136.29 146.1 231.06 239.34
006923 0.411 207.33 80.95 367.83 299.95
006954 0.836 0 98.62 192.4 375
006984 0.837 167.27 237.5 309.56 300
006984 0.957 260.2 172.07 366.9 272.77
006984 0.863 374.57 180.58 388.97 207.46
006984 0.082 348.31 119.34 393.41 184.33
006984 0.035 385.02 110.35 399.44 161.83
006984 0.069 362.56 102.4 397.58 146.0
006984 0.663 306.49 95.26 348.31 149.32
006984 0.089 227.9 113.06 243.3 140.42
006984 0.468 254.98 114.67 300.3 159.75
006984 0.581 231.2 143.67 291.68 204.15
007012 0.847 390.38 218.69 491.9 317.13
007057 0.467 106.62 220.4 153.15 309.21
007057 0.274 175.89 143.83 205.5 249.4
007057 0.943 48.21 221.92 100.15 305.56
007057 0.89 76.6 218.2 118.9 296.92
007067 0.136 11.6 374.9 123.32 500
007067 0.853 0.81 337.08 39.57 378.12
007067 0.529 79.64 268.08 136.97 346.18
007067 0.328 2.44 259.04 20.97 299.84
007110 0.128 169.37 283.12 207.85 375
007110 0.931 58.4 207.56 115.1 286.76
007110 0.304 262.02 201.25 331.77 240.2
007110 0.128 347.69 211.52 488.09 363.32
007110 0.215 245.32 113.86 329.42 239.44
007178 0.842 289.01 137.84 398.48 344.82
007202 0.664 116.82 125.05 147.54 178.55
007202 0.582 199.32 92.2 253.66 122.8
007202 0.902 80.38 125.4 114.58 169.5
007202 0.736 54.55 131.94 87.55 182.9
007202 0.962 31.49 127.56 53.81 173.56
007202 0.949 313.47 131.97 390.23 178.17
007202 0.531 353.2 103.55 422.36 140.53
007202 0.488 281.72 129.03 344.12 176.87
007202 0.046 250.12 130.44 313.18 176.85
007203 0.161 415.84 207.48 493.86 358.99
007207 0.031 447.37 151.74 486.63 194.86
007207 0.702 434.78 127.41 461.82 196.71
007207 0.404 468.55 189.44 500 207.99
007207 0.549 400.41 213.6 421.99 315.84
007207 0.346 372.52 137.05 391.6 177.23
007207 0.299 352.63 127.34 368.23 155.27
007207 0.698 1.5 181.29 21.3 250.59
007207 0.308 199.65 164.4 254.19 218.46
007207 0.521 276.27 130.68 303.99 212.28
007207 0.703 267.66 130.81 318.42 207.77
007220 0.594 345.14 210.76 493.04 345.4
007228 0.626 144.93 106.98 208.95 139.22
007228 0.535 242.03 99.76 323.77 199.27
007228 0.12 248.43 109.85 343.98 204.89
007237 0.336 6.15 328.56 70.63 375
007237 0.14 51.77 122.16 94.12 158.7
007240 0.356 0 112.19 166.11 195.83
007240 0.721 187.04 43.58 300.34 137.03
007240 0.03 437.41 41.11 498.41 124.11
007240 0.645 372.12 252.27 500 375
007255 0.916 191.69 64.27 394.34 372.74
007255 0.46 292.4 78.45 441.88 343.55
007255 0.026 108.62 34.26 261.88 212.46
007255 0.401 36.15 30.29 213.82 255.79
007268 0.182 187.31 236.09 336.66 437.2
007301 0.413 222.62 210.4 346.52 362.34
007301 0.115 265.92 263.1 486.14 371.26
007315 0.278 90.85 307.39 171.1 437.73
007319 0.337 30.0 1.12 123.0 115.2
007335 0.626 238.75 140.97 318.31 223.74
007335 0.427 183.24 233.51 255.92 264
007335 0.784 1.63 140.37 31.03 174.04
007335 0.12 54.26 113.83 76.1 145.84
007348 0.406 192.19 14.07 305.29 258.09
007354 0.625 109.64 35.98 160.14 109.06
007364 0.236 474.81 79.67 500 332.39
007366 0.413 1.16 394.81 101.6 500
007366 0.338 0 430.7 53.69 500
007366 0.091 93.45 468.5 294.01 499.1
007384 0.684 24.61 0 101.24 102.46
007391 0.1 257.88 172.2 315.0 237.0
007391 0.416 94.24 161.47 166.0 210.91
007391 0.966 32.01 192.53 159.85 321.89
007393 0.216 134.95 178.69 209.21 243.37
007393 0.487 323.2 200.81 449.2 333
007393 0.636 62.86 219.24 113.82 333
007401 0.035 188.32 85.08 243.44 142.08
007406 0.046 0.81 315.48 14.67 375
007406 0.249 21.92 292.42 83.48 375
007406 0.976 195.14 297.82 244.1 375
007406 0.658 126.2 344.06 156.23 375
007406 0.961 143.77 295.15 190.18 375
007406 0.815 389.66 281.93 434.18 355.07
007406 0.504 454.75 280.18 495.34 347.18
007406 0.198 431.7 286.75 464.56 346.55
007442 0.326 412.2 40.81 500 219.5
007442 0.281 353.49 39.24 394.89 101.24
007442 0.764 170.88 0 246.36 21.84
007442 0.951 131.56 37.79 177.62 80.11
007442 0.439 0 0 48.6 221.65
007442 0.97 2.5 109.77 75.25 327.93
007472 0.15 289.75 249.61 337.69 318.91
007472 0.527 345.28 287.78 403.23 326.78
007492 0.197 420.99 73.97 497.43 235.67
007494 0.753 20.59 99.04 172.39 217.84
007494 0.723 462.44 0 500 93.0
007508 0.304 271.01 377.67 354.84 491.91
007564 0.771 292.05 215.85 356.31 318
007567 0.111 291.44 119.72 411.32 314.83
007567 0.251 424.75 183.79 500 375
007567 0.847 104.72 228.32 183.47 375
007597 0.186 289.26 131.87 309.06 163.77
007597 0.108 297.43 150.43 381.03 241.57
007628 0.251 26.35 299.3 75.85 375
007644 0.301 294.65 101.77 383.75 212.17
007644 0.513 196.68 85.65 292.47 205.03
007648 0.003 317.94 260.31 471.39 369.92
007652 0.242 297.71 0.26 493.67 281.56
007684 0.401 234.9 179.96 270.18 214.16
007684 0.548 134.36 242.04 160.96 284.44
007684 0.567 97.99 217.3 126.41 253.0
007684 0.719 75.34 232.39 95.08 277.01
007708 0.937 143.89 267.78 328.1 368.76
007708 0.45 351.64 202.02 390.84 262.5
007722 0.208 274.64 216.7 307.31 225.16
007722 0.914 320.17 231.8 337.27 324.72
007722 0.003 230.54 211.28 244.04 221.72
007722 0.482 239.33 226.6 285.33 323.6
007722 0.783 148.74 249.39 213.54 281.35
007722 0.341 5.13 257.04 44.52 297.46
007722 0.588 238.6 368.2 285.01 376
007722 0.059 160.31 313.28 231.92 376
007738 0.305 37.34 0 375 500
007739 0.212 7.61 177.81 161.47 397.03
007739 0.442 0 172.47 30.96 263.72
007739 0.991 65.9 98.62 105.5 128.06
007747 0.759 434.56 315.53 496.78 375
007752 0.39 343.66 251.62 412.41 324.77
007756 0.566 363.07 283.1 448.67 356.24
007756 0.145 0 314.73 321.93 375
007785 0.964 60.1 33.86 117.1 146.74
007785 0.056 411.83 109.83 500 291.76
007785 0.993 245.31 232.87 391.32 372.46
007816 0.534 231.81 190.02 285.17 241.96
007816 0.82 198.52 167.08 237.37 206.56
007817 0.823 332.1 303.97 474 437.41
007828 0.112 234.79 0 403.85 227.91
007832 0.735 84.2 185.0 252.2 375
007832 0.833 364.21 159.3 485.89 303.73
007835 0.4 441.78 42.48 500 110.33
007835 0.07 354.04 240.16 500 329.46
007896 0.579 219.32 205.43 323.27 333
007896 0.505 340.14 185.22 468.84 331.86
007896 0.7 8.52 109.16 57.52 187.36
007896 0.481 38.13 107.91 60.35 152.6
007896 0.932 31.05 193.69 154.53 330.46
007989 0.043 0 160.12 44.52 278.88
007989 0.594 219.83 151.07 326.93 246.62
007989 0.806 267.47 180.42 330.45 493.46
008039 0.968 168.5 223.99 203.08 271.29
008039 0.466 206.8 220.02 235.51 258.56
008039 0.869 307.91 227.67 329.03 267.95
008039 0.902 222.52 235.05 241.07 290.04
008041 0.948 53.7 37.46 375 446.8
008045 0.906 351.29 31.85 431.87 98.09
008045 0.084 429.08 56.64 500 165.64
008050 0.266 0 308.88 121.03 375
008056 0.936 202.87 157.96 238.57 196.57
008056 0.606 233.25 161.93 264.27 199.24
008073 0.244 263.66 195.98 335.42 227.29
008073 0.385 212.08 252.09 280.42 375
008073 0.829 186.11 219.85 308.21 348.55
008073 0.858 221.36 344.71 396.56 375
008110 0.448 61.11 118.53 262.59 367.16
008110 0.181 317.45 238.98 363.68 364.82
008110 0.126 299.25 107.84 360.86 226.64
008113 0.907 111.26 137.92 202.16 271.12
008113 0.8 276.79 128.83 355.99 266.19
008113 0.166 216.68 139.36 301.48 306.28
008113 0.625 203.12 130.83 254.08 206.8
008131 0.5 304.26 260.09 443.46 375
008153 0.067 9.26 280.7 59.75 328.7
008153 0.604 127.29 253.89 182.19 279.57
008153 0.969 212.78 257.12 277.78 282.34
008153 0.743 325.56 274.84 369.72 308.16
008156 0.355 3.28 12.32 65.59 113.02
008178 0.876 44.98 0 468.92 309.6
008184 0.203 108.3 353.54 217.3 492.9
008184 0.666 131.2 304.08 181.6 340.12
008196 0.94 187.96 104.49 414.56 216.09
008198 0.265 78.77 0 149.33 112.32
008210 0.581 274.94 249.74 338.64 330.1
008210 0.607 229.1 321.26 320.18 375
008210 0.304 169.5 226.42 221.5 259.06
008210 0.381 0 258.68 34.68 307.98
008233 0.702 12.96 196.7 149.92 320.6
008245 0.1 458.29 230.84 499.57 320.48
008245 0.259 71.25 316.85 212.25 375
008245 0.781 197.84 303.5 306.0 363.95
008245 0.618 38.68 270.63 104.48 373.53
008245 0.675 56.58 228.62 195.29 350.22
008245 0.729 0 295.35 56.09 375
008245 0.383 71.56 193.46 114.61 266.42
008245 0.867 77.02 162.01 87.03 193.04
008245 0.088 60.11 160.08 72.11 169.38
008245 0.672 33.35 160.23 44.53 169.23
008245 0.989 28.94 154.28 43.82 164.18
008245 0.36 4.55 204.81 29.3 232.65
008245 0.259 1.4 195.98 16.12 203.33
008257 0.242 181.5 0 259.61 85.26
008257 0.035 213.38 0 288.28 67.9
008257 0.591 294.12 0 378.92 127.6
008287 0.659 298.29 169.59 320.73 227.81
008347 0.32 58.96 266.47 152.02 312.03
008347 0.13 300.64 104.74 379.3 206.74
008363 0.26 472.81 107.62 500 143.72
008367 0.639 454.18 131.61 482.99 170.88
008382 0.073 0 161.41 58.3 270.05
008382 0.072 138.63 118.03 236.28 211.09
008382 0.717 260.85 76.85 297.4 147.97
008382 0.995 236.91 102.81 317.1 171.97
008394 0.557 40.07 87.54 318.31 473
008407 0.67 465.93 375 500 375
008407 0.3 342.04 217.81 428.17 317.32
008407 0.578 470.69 198.45 500 256.59
008431 0.631 252.69 171.79 351.69 295.91
008431 0.877 362.17 205.47 431.52 296.61
008474 0.8 0 28.03 291.03 447.47
008481 0.609 130.31 58.1 374.39 301.9
008486 0.019 165.57 255.97 290.03 452.97
008490 0.217 23.86 250.05 203.16 455.58
008490 0.72 106.01 407.57 270.33 500
008490 0.739 90.3 226.06 205.92 376.72
008490 0.135 198.38 223.87 302.34 386.51
008493 0.931 60.82 9.68 131.67 92.68
008493 0.244 144.88 11.54 205.98 73.54
008493 0.877 271.41 17.38 342.11 105.94
008493 0.576 376.14 12.89 453.42 113.77
008496 0.019 10.63 275.51 121.51 461.51
008528 0.368 19.76 190.97 62.54 290.49
008528 0.622 40.94 172.75 64.04 206.03
008528 0.294 46.93 162.96 63.76 181.96
008543 0.382 357.43 189.97 479.41 298.04
008563 0.657 287.29 179.62 396.19 359.94
008591 0.408 54.47 6.21 147.64 26.52
008600 0.29 22.42 15.65 490.54 335
008626 0.848 399.13 147.92 435.01 211.16
008626 0.266 368.19 169.16 423.81 246.16
008646 0.814 317.6 83.28 500 288.21
008646 0.407 0 107.2 231.08 375
008671 0.219 363.38 153.14 480.88 274.94
008671 0.432 52.27 109.41 147.82 214.35
008671 0.04 0 226.97 107.16 356.24
008673 0.187 76.92 211.12 183.39 453.67
008678 0.192 25.2 243.47 77.45 340.48
008705 0.783 100.72 96.03 365.59 284.35
008729 0.187 0 88.27 469.06 375
008734 0.451 8.73 43.17 73.08 121.17
008751 0.041 267.35 332.79 385.79 375
008751 0.646 117.22 337.99 240.72 374.03
008751 0.806 7.22 328.79 119.42 371.54
008751 0.793 258.78 160.54 296.52 208.06
008754 0.172 4.71 222.37 70.74 307.93
008754 0.824 102.14 196.41 171.26 263.61
008754 0.713 111.03 144.06 145.33 188.31
008779 0.776 11.7 170.33 188.1 356.57
008803 0.732 398.93 280.07 500 360.32
008821 0.907 13.12 164.67 62.76 226.16
008844 0.104 86.83 188.78 327.27 494.33
008864 0.74 353.67 160.14 497.19 326.74
008887 0.634 156.06 147.68 235.1 272.63
008897 0.67 292.38 42.79 435.9 211.05
008922 0.577 7.61 189.94 95.16 370.77
008922 0.629 255.43 156.76 375.62 235.04
008922 0.469 0 165.19 300.33 252.19
008938 0.238 66.88 401.67 182.88 500
008941 0.264 0 78.08 190.3 256.58
008947 0.263 64.59 211.71 209.49 350.83
008954 0.187 0 87.44 210.12 350.08
008957 0.236 0 117.45 39.77 268.95
008957 0.6 127.71 57.26 304.35 375
008963 0.695 12.18 192.1 171.69 342.1
008963 0.554 29.27 238.47 195.53 360.83
008991 0.188 106.36 79.14 276.5 334.82
008991 0.993 315.22 247.99 500 375
009009 0.537 259.08 333.8 366.24 494.87
009010 0.009 79.64 64.53 170.59 202.85
009010 0.87 277.06 59.75 407.74 277.01
009055 0.698 145.85 52.64 453.65 332
009055 0.723 323.71 79.14 500 302.39
009056 0.259 312.19 208.19 373.3 271.19
009056 0.563 335.66 232.72 412.31 307.12
009056 0.1 345.32 238.27 419.84 320.17
009056 0.564 152.82 212.36 201.18 272.78
009056 0.282 104.91 223.96 172.8 295.96
009056 0.491 88.28 242.58 174.68 329.7
009075 0.516 429.43 123.74 494.04 211.1
009084 0.903 454.53 90.78 500 185.82
009084 0.452 346.63 56.42 387.43 127.23
009084 0.411 316.16 80.82 377.54 137.55
009095 0.815 173.49 368.09 210.34 407.51
009095 0.516 36.94 431.03 192.76 500
009109 0.295 89.75 213.92 157.09 252.3
009109 0.079 201.53 230.91 289.88 276.37
009109 0.64 354.47 238.25 464.71 291.25
009118 0.346 392.2 248.14 470.95 375
009154 0.319 372.4 90.76 470.3 163.18
009154 0.248 267.73 73.46 339.13 142.13
009154 0.44 181.68 54.78 234.22 100.38
009154 0.811 0 204.78 150.7 286.66
009154 0.362 33.41 69.77 66.53 111.18
009154 0.239 18.98 76.48 100.3 146.32
009222 0.497 75.86 90.01 463.52 375
009225 0.606 181.86 284.97 301.2 356.97
009225 0.055 105.49 263.5 188.31 314.46
009225 0.29 306.13 267.47 401.92 361.81
009263 0.447 30.7 76.21 77.95 290.83
009294 0.881 0 242.44 275.0 500
009310 0.304 126.83 172.2 474.23 362.08
009310 0.924 9.5 199.32 136.94 342.7
009311 0.199 432.95 216.34 486.97 341.77
009311 0.051 333.7 173.66 399.02 293.85
009311 0.379 308.52 156.36 377.82 274.06
009313 0.948 0 368.97 189.0 436.97
009313 0.808 0 435.06 170.72 500
009355 0.762 407.63 261.12 470.99 375
009355 0.899 90.69 227.74 180.93 298.59
009355 0.456 6.82 204.28 106.58 345.73
009397 0.243 108.23 185.26 191.53 283.26
009435 0.655 385.67 127.38 500 281.91
009444 0.32 144.52 268.5 218.92 375
009444 0.223 6.11 278.42 82.01 375
009444 0.412 238.3 321.13 279.3 375
009444 0.75 371.94 274.12 398.33 370.84
009444 0.777 388.35 263.25 472.05 375
009452 0.991 254.44 154.32 282.78 283.12
009478 0.593 76.46 0 276.84 223.65
009482 0.914 213.73 86.95 236.77 127.12
009482 0.154 248.68 82.43 276.22 118.7
009486 0.42 241.93 284.03 340.81 500
009486 0.332 312.98 213.65 358.1 260.15
009486 0.85 205.71 247.15 265.87 418.85
009486 0.388 222.35 221.06 249.89 280.22
009487 0.569 396.94 217.7 500 375
009487 0.158 176.31 81.48 430.85 289.38
009511 0.265 112.63 124.18 325.15 375
009513 0.935 0 259.25 169.47 500
009514 0.404 155.32 145.08 258.04 321.08
009514 0.075 283.66 154.86 396.78 299.9
009514 0.427 379.18 151.14 442.31 290.0
009514 0.933 415.98 163.73 454.68 281.73
009514 0.557 90.63 159.59 152.01 289.72
009521 0.815 404.67 245.95 469.94 301.57
009521 0.027 393.96 304.93 500 375
009529 0.167 203.93 294.19 294.14 372.31
009529 0.252 286.88 237.3 369.38 353.9
009582 0.083 10.08 48.13 161.0 306.53
009595 0.296 20.94 18.97 450.4 289.57
009606 0.372 72.95 317.03 207.95 472.64
009606 0.786 228.69 296.36 290.77 339.6
009606 0.194 9.44 255.0 109.94 500
009606 0.969 327.79 280.68 375 429.64
009631 0.893 421.68 208.85 492.93 295.85
009631 0.545 196.55 139.81 223.85 167.89
009631 0.148 35.52 183.14 97.4 267.98
009632 0.283 306.96 273.72 395.16 333
009635 0.995 257.6 367.7 316.75 471.7
009646 0.151 0 310.58 500 375
009651 0.071 252.46 127.59 410.05 324.24
009660 0.709 22.15 157.74 326.67 468.6
009662 0.725 224.49 199.79 342.83 295.58
009662 0.933 276.35 167.12 354.83 219.82
009662 0.627 8.66 270.38 83.46 375
009663 0.84 478.76 180.68 500 309.95
009663 0.725 0 174.71 114.24 299.84
009677 0.944 0 12.63 111.6 172.79
009689 0.881 275.04 151.25 464.76 370.7
009690 0.842 291.99 233.12 333.53 309.35
009690 0.142 241.86 190.59 272.1 278.59
009690 0.072 253.36 220.75 322.66 333
009708 0.093 23.3 130.41 229.22 343.47
009708 0.669 222.86 172.41 479.9 363.23
009741 0.308 13.75 118.9 68.28 201.78
009741 0.651 101.53 244.44 193.33 374
009742 0.892 0 7.81 142.41 174.07
009742 0.128 412.54 0 500 119.18
009782 0.014 0 208.37 120.78 364.53
009798 0.133 164.58 280.75 298.56 375
009802 0.992 44.24 0 490.44 366.52
009815 0.547 258.5 187.11 350.26 308.88
009815 0.909 298.53 194.92 382.81 251.62
009815 0.339 213.48 186.48 262.7 223.2
009815 0.637 24.56 152.56 67.96 226.35
009815 0.6 21.6 230.76 149.87 356
009815 0.222 133.34 232.33 254.33 351.67
009846 0.097 0 163.66 52.8 242.2
009853 0.188 6.41 121.12 138.71 329.02
009853 0.166 123.06 178.41 177.34 280.41
009854 0.932 397.15 136.24 467.22 242.08
009854 0.775 349.32 133.17 402.24 215.97
009854 0.959 269.58 127.67 288.38 190.04
009854 0.633 287.84 132.74 352.15 209.82
009854 0.843 175.06 209.39 255.42 315
009854 0.434 64.5 194.56 161.5 305.58
009854 0.325 0 199.06 77.35 300.76
009901 0.476 0 145.92 62.7 204.72
009901 0.879 122.35 191.45 165.4 254.17
009901 0.683 262.08 187.42 299.68 271.25
009901 0.379 460.83 215.43 500 304.87
009914 0.02 299.06 246.21 354.86 334.95
009916 0.36 218.67 85.48 274.83 175.68
009916 0.128 278.16 125.11 423.06 298.42
009928 0.889 13.24 209.6 86.96 322.4
009928 0.803 0 269.79 67.32 397.32
009928 0.217 67.17 237.35 147.27 363.11
009930 0.435 76.97 233.29 173.97 375
009962 0.313 218.57 187.31 334.96 311.93
