000013 0.528 293.12 163.04 428.36 246.76
000025 0.896 2.0 88.92 63.56 246.36
000025 0.133 81.53 98.6 246.53 252.76
000025 0.686 54.61 157.0 364.48 357.0
000025 0.675 6.45 0.92 86.49 114.82
000273 0.338 241.14 148.16 317.04 179.66
000297 0.745 92.49 123.85 237.03 404.35
000345 0.616 255.25 121.09 485.25 269.21
000360 0.229 30.86 26.35 500 375
000360 0.21 10.24 85.54 166.99 375
000360 0.724 0 10.06 420.75 85.98
000360 0.012 8.58 0 402.07 34.56
000386 0.853 283.81 153.11 421.56 271.88
000386 0.069 137.0 162.08 204.67 226.48
000432 0.763 215.71 204.0 268.51 239.15
000432 0.118 304.42 232.12 374.02 265.6
000504 0.354 349.75 85.28 500 392.32
000725 0.852 351.44 144.4 385.85 199.27
000725 0.22 253.4 166.6 277.32 209.35
000725 0.592 182.56 163.48 218.2 221.62
000725 0.82 63.91 158.61 112.79 216.91
000986 0.89 144.08 295.01 233.84 322
000986 0.504 112.21 152.95 176.47 218.22
000986 0.48 49.23 132.38 166.05 214.0
000986 0.504 295.98 138.27 409.26 228.15
001100 0.959 142.03 134.68 331.02 264.4
001103 0.937 142.33 98.95 336.37 326.8
001120 0.18 6.23 125.48 42.63 154.88
001120 0.531 114.5 157.06 168.0 189.7
001120 0.81 214.82 185.52 276.9 238.32
001120 0.751 284.75 190.6 352.07 233.8
001120 0.037 414.31 207.06 470.95 260.96
001471 0.181 159.54 123.37 299.38 412.67
001508 0.932 114.78 240.19 349.68 500
001589 0.148 318.01 0 409.03 168.27
001589 0.546 30.19 17.4 230.89 323
001641 0.922 158.84 82.66 364.0 375
001641 0.73 430.72 0 483.16 129.8
001641 0.141 3.2 74.16 81.46 372.24
001641 0.554 310.93 271.52 500 366.02
001697 0.887 266.25 219.05 348.81 287.09
001716 0.671 422.1 217.75 482.37 243.0
001716 0.704 395.94 177.75 419.4 195.0
001716 0.875 208.83 149.31 240.75 213.44
001716 0.369 275.68 147.63 303.12 179.95
001716 0.626 251.08 169.06 273.34 211.63
001716 0.419 217.03 179.97 259.87 242.59
001716 0.772 138.86 224.32 191.42 289.84
001716 0.196 122.78 149.12 165.56 200.63
001716 0.052 119.3 106.19 172.88 159.53
001764 0.629 465.45 109.32 496.47 155.22
001764 0.683 283.61 103.7 356.74 144.62
001764 0.256 269.19 108.18 353.98 171.6
001764 0.07 133.38 102.28 220.6 150.88
001764 0.804 101.31 97.22 148.23 134.3
001764 0.126 2.09 112.2 11.99 142.44
001917 0.438 189.65 170.1 257.9 209.66
001917 0.927 415.74 178.16 476.46 213.08
001917 0.241 336.18 171.87 420.71 222.16
001974 0.966 288.65 187.44 372.37 249.24
001987 0.916 186.96 97.54 312.31 292.24
002005 0.792 357.66 122.14 500 214.79
002005 0.354 101.68 82.63 264.68 288.73
002005 0.28 256.96 154.28 292.85 173.66
002092 0.617 105.33 326.9 206.53 406.1
002092 0.636 7.56 339.21 84.36 421.21
002115 0.315 193.5 108.96 274.46 261.96
002115 0.979 343.99 72.3 373.39 106.5
002173 0.993 0 333 382.2 333
002299 0.724 0 0 470.8 361.81
002313 0.264 12.75 90.18 464.19 428
002314 0.918 98.52 0 333 264.0
002314 0.331 53.84 0 292.54 220.32
002314 0.379 2.73 78.04 58.83 138.52
002314 0.967 5.14 47.44 50.9 87.04
002314 0.083 41.91 53.98 56.91 81.58
002326 0.024 286.83 102.3 325.33 135.55
002326 0.023 372.69 118.44 416.85 162.73
002326 0.479 292.8 123.45 340.8 178.45
002326 0.186 173.22 131.98 216.65 186.57
002326 0.997 196.6 206.03 231.0 307.68
002576 0.228 170.99 103.23 487.79 287.74
002623 0.757 35.05 0 461.81 375
002623 0.933 407.1 252.0 495.3 350.0
002676 0.583 427.63 272.98 457.71 294.6
002676 0.02 384.23 269.38 419.15 298.67
002676 0.985 348.61 240.52 387.85 295.64
002676 0.991 285.34 253.2 338.38 309.36
002676 0.397 217.24 259.83 244.71 333
002676 0.335 207.48 252.62 254.8 310.86
002676 0.951 215.9 279.89 241.2 307.16
002770 0.304 73.28 194.64 172.92 261.6
002789 0.824 49.38 121.81 184.54 213.48
002789 0.574 194.23 170.05 205.13 185.52
002789 0.889 222.02 171.32 242.81 186.96
002789 0.513 479.91 195.62 500 204.92
002789 0.988 462.1 193.13 480.1 208.53
002789 0.572 453.07 190.85 476.07 197.36
002789 0.902 416.15 187.87 430.99 197.97
002789 0.889 376.87 187.25 397.11 198.25
002818 0.023 400.2 165.0 455.66 242.5
002818 0.605 454.62 215.71 494.9 257.53
002818 0.232 4.82 212.38 44.34 255.81
002818 0.454 0 204.07 47.0 240.97
002818 0.579 81.02 215.94 123.44 267.64
002818 0.176 124.33 210.01 152.46 252.76
002818 0.961 123.42 172.9 152.71 254.54
002818 0.565 312.62 220.0 375.62 275.8
002818 0.633 266.46 221.58 322.89 274.11
002818 0.862 197.88 190.21 242.88 236.11
002818 0.5 271.63 166.28 311.58 189.48
002818 0.671 283.89 202.57 334.85 232.27
002903 0.125 0 0 329.44 303.45
002991 0.359 54.7 97.95 270.37 500
003030 0.538 125.38 4.48 405.5 376
003068 0.502 69.1 76.8 391.81 307.08
003201 0.078 0.18 41.62 178.38 242.41
003201 0.853 150.11 13.53 454.22 281.07
003201 0.652 310.28 17.06 500 264.23
003215 0.351 103.1 227.49 181.94 283.59
003288 0.106 0 300.31 78.88 354.71
003394 0.4 2.74 14.48 348.82 332.07
003394 0.079 340.2 72.78 500 170.7
003411 0.92 30.39 28.32 500 375
003633 0.343 164.58 140.28 303.16 188.12
003633 0.997 172.37 132.0 341.77 232.94
003633 0.289 53.32 138.41 169.48 241.31
003633 0.391 3.68 133.51 66.38 222.89
003840 0.957 231.01 0 375 500
003841 0.222 0 22.52 369.46 446
003982 0.353 239.3 191.32 295.35 225.52
003982 0.784 338.8 193.78 387.8 232.73
003982 0.192 138.16 210.59 173.88 254.29
004022 0.048 473.04 157.44 500 213.84
004022 0.593 187.38 110.39 224.88 180.77
004022 0.56 79.87 157.7 109.03 182.81
004022 0.457 49.1 207.33 64.91 240.81
004022 0.578 46.19 217.27 125.57 274.51
004081 0.951 163.73 107.3 355.13 218.04
004181 0.031 0 0 457.56 233.31
004233 0.485 0 0 154.76 308.04
004233 0.779 353.2 107.97 379.95 146.82
004233 0.389 73.72 111.74 107.96 153.15
004332 0.109 308.66 375.71 334 500
004375 0.019 340.9 135.71 405.56 205.29
004375 0.79 112.31 150.68 183.03 226.98
004399 0.962 249.8 155.53 362.33 232.95
004399 0.098 169.92 114.91 229.28 198.43
004445 0.023 245.53 78.7 482.97 242.61
004445 0.531 74.79 145.79 135.56 194.43
004445 0.969 35.35 141.74 143.5 271.06
004445 0.343 220.46 134.22 271.06 223.4
004445 0.916 489.13 285.71 500 375
004608 0.142 134.18 65.04 350.49 325.41
004635 0.821 222.06 215.21 322.5 324.68
004741 0.817 134.55 111.39 222.75 202.91
004741 0.716 254.16 99.16 368.24 191.16
004772 0.048 66.57 133.65 386.73 251.04
004775 0.238 33.83 0 408.89 333
004901 0.095 113.46 143.53 321.78 326.79
004980 0.842 307.6 196.75 335.88 215.65
004980 0.495 383.3 206.81 471.7 251.69
004980 0.601 461.93 197.0 491.69 224.54
004980 0.158 93.79 201.14 131.51 231.38
004980 0.689 18.5 203.5 65.5 236.78
004980 0.822 146.61 184.66 161.91 203.36
004980 0.81 361.11 196.3 389.63 221.95
005017 0.993 353.94 217.29 388.62 270.99
005080 0.889 73.49 69.07 393.89 329.75
005141 0.972 0 16.94 145.96 217.02
005335 0.568 200.22 240.5 282.82 350.5
005335 0.844 414.12 208.68 464.52 289.26
005335 0.02 208.86 203.25 270.66 267.86
005335 0.326 46.62 207.55 77.94 262.63
005339 0.713 203.71 0 371.67 400
005339 0.333 402.8 67.15 494.87 238.65
005339 0.703 114.38 24.48 218.26 241.28
005339 0.389 17.65 9.05 195.16 311.16
005617 0.632 331.59 47.15 500 157.23
005711 0.843 141.97 146.19 219.22 190.35
005711 0.404 191.58 152.31 385.25 298.82
005711 0.15 139.72 158.52 313.35 232.72
005711 0.1 199.04 144.76 243.04 160.02
005711 0.872 235.3 148.93 270.64 164.77
005797 0.703 0.73 123.77 291.25 358.55
005876 0.752 159.48 266.38 401.88 428.07
006021 0.895 0 0 225.0 143.91
006060 0.287 28.14 161.3 365.7 333
006085 0.597 89.09 172.98 282.41 360.6
006085 0.681 113.47 111.97 171.13 191.65
006085 0.597 323.48 48.79 494.68 189.77
006085 0.401 181.79 47.72 292.71 146.91
006085 0.76 156.45 118.43 261.54 182.83
006085 0.825 302.16 16.71 362.3 70.27
006085 0.972 455.49 0 495.49 25.48
006173 0.182 411.62 237.87 474.18 255.89
006173 0.961 352.47 261.33 398.37 301.61
006173 0.463 301.7 221.34 352.05 287.58
006173 0.243 210.22 236.42 285.7 305.58
006173 0.814 150.45 226.38 197.45 299.53
006173 0.516 83.0 236.32 174.0 312.82
006173 0.231 102.55 278.26 145.98 313.04
006316 0.254 6.08 42.54 214.16 290.7
006316 0.627 199.34 0 309.84 186.34
006316 0.774 293.5 9.43 468.46 295.87
006378 0.913 204.65 197.54 296.56 262.5
006378 0.024 180.06 252.85 231.06 357.57
006414 0.91 173.28 0 483.68 316.8
006573 0.221 69.53 26.81 465.43 375
006579 0.184 150.04 0 234.67 138.6
006579 0.131 14.47 32.95 145.99 130.15
006589 0.322 231.86 139.82 367.49 236.28
006591 0.094 220.47 183.24 348.19 319.95
006711 0.104 64.13 59.36 330.83 169.76
006770 0.006 235.69 157.41 397.69 294.41
006770 0.043 452.19 151.04 500 222.02
006770 0.752 86.65 152.93 190.2 214.49
006770 0.547 186.6 153.96 219.15 185.96
006770 0.265 133.81 154.68 176.58 180.72
006770 0.321 247.28 184.97 302.3 199.82
006881 0.296 114.77 27.68 466.03 349
006973 0.554 22.09 0 354.23 311.37
006973 0.822 312.7 68.44 500 277.72
007044 0.553 144.01 182.88 218.47 355.14
007069 0.361 379.58 188.53 436.0 232.71
007069 0.462 154.87 147.35 212.06 195.75
007069 0.404 103.7 124.28 193.58 187.28
007069 0.077 354.39 127.27 381.99 153.43
007069 0.056 90.78 170.19 118.98 248.22
007069 0.797 66.52 156.82 95.08 200.48
007118 0.582 40.45 113.2 343.93 332.8
007158 0.409 64.48 91.18 375 500
007380 0.112 265.07 216.84 298.03 246.8
007452 0.837 217.01 178.37 331.34 241.59
007452 0.942 104.31 204.25 189.56 289.61
007452 0.318 10.96 187.08 154.34 314.76
007452 0.046 194.76 205.81 300.96 420.51
007516 0.106 260.48 161.68 491.15 341.88
007516 0.189 168.04 149.89 314.63 254.98
007516 0.742 16.8 130.1 224.8 195.65
007554 0.745 424.55 177.57 471.05 215.79
007554 0.375 20.94 197.59 67.5 232.51
007554 0.377 163.65 181.4 189.65 204.5
007554 0.392 148.02 177.25 164.17 194.53
007554 0.662 53.48 182.92 79.72 212.08
007554 0.137 51.73 182.48 69.23 204.24
007554 0.004 316.35 169.18 339.34 194.58
007599 0.619 36.45 150.1 227.11 296.62
007599 0.3 220.04 88.33 432.56 285.73
007602 0.77 149.88 176.7 500 375
007602 0.502 205.09 9.03 466.09 150.14
007602 0.407 10.71 130.25 500 375
007602 0.486 243.23 118.8 476.87 375
007851 0.812 0 0 415.8 164.56
008000 0.108 256.51 187.4 414.91 289.16
008000 0.168 100.27 152.04 239.97 308.84
008078 0.073 249.99 261.34 372.87 342.34
008081 0.371 42.14 130.38 300.64 304.22
008081 0.93 132.69 89.13 258.27 215.85
008090 0.866 126.53 168.46 344.57 346.65
008090 0.674 14.06 122.04 41.32 143.6
008090 0.481 359.68 134.54 382.68 154.34
008090 0.068 357.55 102.92 378.89 113.92
008090 0.979 458.13 91.84 485.97 106.82
008090 0.839 436.44 156.96 473.24 194.96
008111 0.863 9.68 32.92 263.44 289.54
008111 0.086 82.6 17.54 205.36 153.94
008304 0.072 356.98 0 375 259.12
008304 0.909 0.75 95.05 235.75 421.75
008358 0.322 113.68 9.52 359.6 272.64
008418 0.532 329.69 71.03 439.8 258.14
008418 0.534 348.94 163.4 483.34 370.43
008418 0.747 148.28 59.88 189.88 111.58
008418 0.392 297.9 22.26 325.62 61.3
008418 0.201 423.73 37.15 453.81 61.13
008418 0.956 395.41 28.45 414.26 66.25
008418 0.92 180.51 30.29 215.71 62.99
008418 0.736 117.11 42.18 131.39 64.98
008527 0.919 80.4 120.86 226.0 236.22
008527 0.572 299.88 93.69 351.12 158.55
008527 0.314 308.53 103.66 469.53 153.13
008527 0.806 356.03 279.62 500 375
008527 0.539 123.19 156.53 315.25 364.92
008527 0.939 14.3 38.88 49.09 187.29
008605 0.879 0 118.99 61.32 139.51
008605 0.784 142.78 124.86 189.24 226.23
008605 0.223 204.1 125.7 297.02 229.38
008758 0.557 109.98 150.49 310.07 316.17
008758 0.543 166.43 103.38 234.68 171.0
008758 0.318 27.16 139.8 139.48 216.06
008758 0.422 21.19 52.02 71.79 88.4
008758 0.236 196.37 59.1 242.45 86.65
008763 0.184 0 48.4 221.92 500
008853 0.449 116.7 202.5 316.9 331.25
008863 0.16 191.34 244.97 242.7 296.49
008863 0.027 221.53 189.15 246.53 236.68
008863 0.721 266.54 167.55 303.98 237.42
008863 0.466 119.36 206.08 158.96 230.38
008863 0.021 63.2 241.6 122.6 306.5
008863 0.263 77.82 232.33 156.66 284.58
008863 0.534 308.5 215.16 355.97 263.64
008863 0.659 340.1 204.57 385.69 263.97
008863 0.235 431.79 208.71 478.23 262.06
009082 0.678 0 111.19 316.1 357.7
009170 0.994 293.14 245.77 375 338.23
009170 0.833 147.6 159.38 205.38 249.62
009170 0.129 112.69 141.14 137.13 190.58
009170 0.246 145.32 131.52 174.48 173.94
009223 0.017 73.51 210.62 249.27 333.79
009264 0.777 151.93 100.86 500 375
009301 0.657 171.24 88.28 483.58 375
009400 0.459 277.62 194.73 317.66 333
009450 0.459 254.48 159.5 375 328.42
009450 0.67 30.95 161.98 169.67 323.9
009450 0.346 2.52 136.05 105.12 245.13
009450 0.732 162.18 115.76 280.76 168.14
009450 0.388 193.76 159.57 221.03 227.02
009450 0.959 113.85 121.24 185.85 248.68
009760 0.814 36.95 98.25 500 375
009768 0.067 304.0 169.87 332.2 233.23
009768 0.58 51.79 165.99 90.43 226.29
009768 0.653 201.94 169.57 240.44 233.43
009768 0.711 227.79 172.24 250.59 229.47
009768 0.201 196.57 205.89 280.21 319.08
009771 0.321 166.24 210.52 449.04 363.78
009771 0.298 76.28 154.7 443.29 345.65
009909 0.662 33.82 69.92 323.2 355.04
009909 0.127 305.23 170.76 369.15 246.66
009912 0.154 88.91 41.25 388.88 317.73
