000006 0.446 132.5 209.17 332.45 373.51
000084 0.742 139.81 174.77 321.09 279.71
000085 0.003 193.08 167.45 488.82 313.75
000126 0.875 467.99 210.62 500 215
000126 0.688 91.21 183.75 263.16 215
000126 0.457 284.1 163.8 375.18 192.94
000144 0.537 112.88 202.22 446.18 333
000217 0.957 37.23 128.12 351.87 269.68
000226 0.942 133.88 233.75 405.2 357.44
000226 0.086 72.46 215.34 185.74 237.18
000280 0.529 250.61 162.99 500 375
000314 0.389 196.45 131.04 301.73 206.28
000327 0.89 47.91 92.72 500 375
000366 0.923 131.55 139.06 331.64 500
000369 0.631 38.38 274.3 500 375
000377 0.813 0 252.25 355.26 375
000510 0.81 101.33 260.83 333.5 368.9
000547 0.58 189.6 360.01 282.6 433.33
000547 0.867 193.82 255.44 270.45 304.44
000547 0.043 31.28 183.85 85.36 238.85
000547 0.571 0 278.91 51.36 469.21
000547 0.243 332.1 235.54 351.86 262.38
000547 0.242 322.32 169.48 370.83 206.88
000547 0.442 114.89 87.67 154.25 123.19
000587 0.391 172.54 333.5 500 375
000595 0.799 118.86 145.1 472.46 347.83
000606 0.023 172.84 206.3 493.24 368.48
000617 0.087 0 57.45 469.44 341.65
000621 0.18 391.69 212.84 500 346.47
000744 0.953 43.48 158.06 380.08 363.98
000745 0.154 0 289.16 356.4 299
000749 0.408 273.14 261.43 500 375
000762 0.623 0 173.19 500 375
000856 0.203 0 184.26 500 356.31
000870 0.478 159.49 295.52 500 375
001023 0.581 19.22 287.75 445.64 399.05
001035 0.291 8.47 149.26 261.52 363.46
001105 0.056 0 231.79 329.67 375
001163 0.28 31.08 144.09 295.7 195.19
001169 0.235 133.97 327.5 392.93 333
001177 0.941 17.49 260.59 352.13 374
001179 0.399 7.09 185.22 267.67 375
001189 0.469 92.47 258.82 278.86 405.46
001276 0.95 341.37 189.87 471.87 221.8
001276 0.276 5.41 198.79 164.17 254.89
001302 0.364 29.7 163.87 500 365.97
001354 0.829 0 200.33 480 347.33
001431 0.401 11.45 174.13 500 371.53
001438 0.381 0 83.57 375 464.57
001489 0.423 29.42 96.33 500 316.83
001534 0.051 27.73 300.8 383.07 375
001564 0.885 59.66 308.62 453.26 372.1
001569 0.23 19.53 312.64 375 497.75
001609 0.869 0 94.54 352.45 500
001674 0.029 72.72 322.02 315.72 375
001720 0.721 0 66.8 240.1 273.44
001740 0.806 0 40.36 500 375
001757 0.405 21.84 153.98 261.96 441.54
001805 0.003 0 115.46 407.88 327.56
001856 0.802 188.71 247.24 260.42 392.14
001949 0.409 55.89 291.9 375 500
001975 0.444 108.6 139.34 490.92 366.06
002167 0.584 9.06 167.15 419.12 333
002188 0.836 0 131.85 293.82 375
002189 0.387 8.95 214.88 500 357.49
002240 0.873 59.55 102.49 375 445.87
002298 0.272 270.85 0 490.29 133.35
002301 0.683 150.42 158.8 432.73 375
002322 0.914 0 344.34 281.79 498.42
002389 0.9 58.71 169.69 445.36 354.91
002449 0.152 307.81 276.31 500 375
002449 0.072 191.37 306.39 462.55 370.09
002463 0.331 0 255.23 189.72 290.87
002499 0.673 0 85.21 468.35 333
002510 0.467 168.89 106.0 294.08 158.78
002536 0.484 408.81 0 500 285.18
002538 0.908 89.73 264.12 479.37 343.3
002614 0.961 160.11 219.55 453.51 325.77
002624 0.619 360.2 273.21 500 361.61
002674 0.701 240.62 330.0 384.68 375
002674 0.684 220.92 301.48 300.23 339.64
002705 0.676 105.31 326.64 473.42 375
002724 0.457 68.46 223.53 422.78 370.95
002788 0.327 62.05 143.04 261.02 267.84
002788 0.813 0 78.23 114.08 142.09
002788 0.329 201.12 104.49 314.36 145.9
002799 0.442 0 134.94 500 370.65
002809 0.373 0 424.53 190.0 496.77
002856 0.173 401.95 0 500 156.8
002862 0.355 113.56 206.7 281.14 320.78
002888 0.293 12.7 295.27 371.26 375
002904 0.201 500 196.4 500 265.02
002945 0.1 0 276.22 500 369.95
002974 0.16 1.5 212.0 94.5 345.75
002974 0.675 0 344.48 374.71 484.16
003123 0.121 0 221.08 192.5 347.18
003139 0.127 324.35 90.38 500 183.1
003139 0.046 0 347.9 123.0 375
003139 0.59 0 99.78 157.04 206.78
003139 0.64 13.73 37.82 269.26 89.33
003139 0.729 325.49 32.85 403.25 70.65
003141 0.824 115.71 207.47 426.79 375
003153 0.965 0 230.71 402.78 366.07
003251 0.489 145.3 143.43 425.46 324.43
003278 0.703 0 271.62 500 375
003297 0.99 15.66 221.95 371 500
003323 0.674 108.5 120.0 338.5 369.9
003345 0.368 271.91 234.0 450.65 341.1
003459 0.908 115.12 185.62 388.54 375
003485 0.251 0.14 292.7 442.04 375
003502 0.937 52.47 168.41 394.86 375
003561 0.067 0 150.5 324.38 500
003617 0.566 100.88 170.76 319.9 354.06
003643 0.447 18.4 407.87 352.48 495.74
003649 0.2 36.36 200.07 360.31 322.01
003668 0.569 47.59 145.91 421.02 325.43
003742 0.008 56.26 87.71 232.38 163.35
003761 0.545 126.44 185.15 353.04 375
003770 0.515 0 225.12 500 375
003800 0.625 26.62 160.23 375 500
003894 0.559 36.93 83.25 500 365.21
003902 0.444 0 209.0 357.12 490.96
003928 0.048 23.29 260.48 375 500
004032 0.596 39.24 0 473.96 348.48
004098 0.348 225.65 181.81 458.43 315.21
004166 0.503 214.32 205.15 464.36 329.31
004250 0.817 153.3 131.96 244.38 159.68
004250 0.711 136.37 163.07 277.99 232.07
004250 0.88 79.22 214.06 317.93 326.38
004250 0.112 4.49 322.37 315.63 468.06
004250 0.223 164.73 108.79 241.78 121.79
004250 0.678 153.54 114.51 228.78 140.67
004250 0.69 13.59 110.77 52.2 146.41
004250 0.784 52.11 99.24 72.27 124.35
004250 0.368 103.51 95.59 147.67 126.19
004319 0.452 0 0 500 303.6
004348 0.209 27.45 32.06 500 330.86
004469 0.494 50.04 300.93 360.44 371.77
004469 0.997 80.81 199.65 339.77 323.81
004469 0.131 191.33 107.4 302.07 189.15
004482 0.547 29.89 245.13 500 375
004525 0.772 500 38.96 500 334
004559 0.248 348.67 209.98 500 288.07
004559 0.425 313.11 239.43 451.35 270.78
004559 0.807 351.07 202.8 405.35 215.56
004559 0.927 288.12 196.89 375.99 216.27
004590 0.277 34.24 79.31 315.84 215.93
004590 0.996 96.49 24.93 227.05 56.44
004640 0.376 89.19 120.36 438.36 345.96
004712 0.019 11.49 152.93 145.35 338.33
004740 0.584 157.21 230.61 486.86 375
004819 0.843 95.07 216.29 335.01 486.77
004881 0.303 43.83 147.71 500 342.29
004892 0.505 74.37 318.94 348.41 375
004892 0.929 0 176.26 469.73 356.58
005044 0.363 346.13 159.57 485.13 303.09
005044 0.789 406.27 224.0 500 331
005044 0.02 78.72 134.03 179.92 259.69
005049 0.313 190.9 168.36 500 375
005140 0.563 139.63 108.78 447.43 295.98
005151 0.369 31.94 234.02 500 375
005174 0.107 39.04 127.51 500 354.75
005226 0.132 125.71 289.73 499.03 369.81
005233 0.69 121.38 192.5 371.62 362.25
005233 0.945 17.1 135.62 142.18 183.57
005252 0.642 96.44 102.68 333 310.37
005362 0.589 12.86 234.25 279.98 291.67
005377 0.565 0 214.65 428.74 349.65
005464 0.827 15.57 155.15 333 500
005491 0.394 0 287.84 500 371.27
005597 0.653 61.63 346.5 259.0 375
005612 0.013 23.16 215.57 270 351.81
005622 0.466 0 295.67 500 371
005628 0.585 0 62.45 500 375
005661 0.814 0 214.62 307.72 375
005717 0.253 120.66 216.95 363.7 359.43
005726 0.203 14.65 24.25 375 494.47
005758 0.711 0 97.2 500 375
005844 0.901 156.3 114.52 391.63 365.52
005871 0.6 0 41.38 344.08 500
005898 0.496 334.89 135.15 422.31 214.65
005941 0.866 4.51 226.56 323.88 375
005994 0.0 0.98 267.62 139.68 332.42
006010 0.795 118.25 185.7 248.25 267.4
006056 0.725 6.98 113.03 469.19 328.07
006057 0.175 114.6 193.95 273.96 344.43
006081 0.177 86.12 188.3 271.23 288.74
006086 0.167 0 261.8 500 476
006093 0.452 20.33 270.22 367.59 376.78
006142 0.267 78.82 241.45 383.14 355.53
006142 0.876 20.58 137.5 198.24 273.75
006142 0.36 24.77 98.4 203.25 156.64
006226 0.769 30.61 231.22 358.41 500
006271 0.865 37.93 5.98 500 356.47
006380 0.322 43.42 86.16 367.06 358.76
006380 0.575 0 145.2 46.48 227.4
006461 0.241 27.27 218.33 199.29 323.78
006541 0.243 99.34 234.56 186.74 318.56
006541 0.623 137.96 248.85 248.54 319
006541 0.715 212.32 263.31 346.96 310.11
006541 0.329 350.3 295.55 425 317.11
006541 0.39 0 230.75 61.95 308.51
006546 0.076 4.98 126.63 418.98 343.59
006624 0.36 0 67.69 476.64 161.65
006662 0.604 163.95 263.79 500 370.91
006663 0.661 57.53 63.2 416.61 313
006721 0.133 9.98 74.73 479.04 375
006771 0.773 134.79 161.83 427.74 328.83
006826 0.148 96.03 140.83 267.87 257.11
006830 0.229 0 193.39 101.52 364.51
006902 0.569 101.05 107.96 500 322.28
006923 0.654 1.98 177.23 172.64 304.63
006941 0.389 72.44 199.04 366.2 371.04
006980 0.386 25.73 0 500 373.7
007057 0.766 70.88 229.4 122.96 298.04
007110 0.275 33.74 235.81 442.94 360.48
007207 0.005 167.02 206.11 383.32 370.33
007228 0.675 63.92 221.46 500 374
007228 0.869 46.69 61.14 227.95 147.38
007237 0.805 0 241.95 241.58 375
007240 0.353 0 65.11 500 345.29
007306 0.638 258.61 321.14 500 375
007391 0.369 50.69 200.42 360.56 333
007393 0.331 0 257.0 500 331.2
007442 0.233 37.86 48.27 491.04 349.13
007494 0.726 16.37 121.67 465.0 356.67
007577 0.069 0 148.65 500 239.95
007628 0.533 0 305.02 106.82 375
007644 0.142 266.82 113.9 352.32 226.43
007648 0.461 148.28 213.19 365.61 351.76
007651 0.497 0 238.05 355 464.04
007684 0.465 111.14 206.49 141.66 237.51
007708 0.601 368.86 200.06 404.5 254.21
007722 0.072 217.8 232.79 325.6 324.59
007722 0.699 9.24 267.14 253.64 376
007747 0.818 26.55 301.12 435.75 375
007801 0.25 177.34 242.65 499.98 353.35
007896 0.923 139.95 139.3 425.64 246.3
007989 0.895 0 329.06 333 500
008045 0.116 234.77 8.67 444.53 140.73
008073 0.38 196.48 236.09 466.96 375
008113 0.005 171.24 144.13 338.68 291.81
008153 0.348 0 292.08 335.79 500
008198 0.432 0 27.48 500 333
008210 0.097 5.03 253.21 324.03 375
008245 0.301 108.01 206.68 500 360.58
008245 0.349 0 162.48 60.48 239.48
008257 0.98 4.52 62.35 400 299
008287 0.99 0 335.64 118.5 375
008382 0.691 46.16 107.47 500 429.87
008431 0.949 266.86 178.94 413.31 298
008490 0.388 104.81 197.76 370 355.08
008505 0.158 0 279.48 461.1 375
008520 0.497 0 131.47 469.06 375
008528 0.796 303.44 0 500 159.6
008591 0.42 0 0 333 414.74
008697 0.389 0 132.36 365.54 500
008719 0.175 0 245.98 468.12 375
008751 0.349 19.9 233.41 435.7 328.27
008754 0.318 44.91 181.47 113.31 274.17
008941 0.105 14.35 199.47 414.85 375
008945 0.521 6.49 167.17 456.94 328.17
008963 0.922 13.88 225.42 171.99 337.14
009012 0.371 21.77 153.35 375 486.35
009090 0.535 51.3 216.14 500 375
009095 0.612 17.1 302.86 237.9 493.96
009109 0.572 0 244.63 474.05 345
009154 0.264 25.61 121.48 480 316.36
009154 0.684 0 87.1 40.33 156.4
009164 0.339 37.2 372.57 375 496.33
009171 0.447 36.16 198.95 500 375
009225 0.679 190.81 254.9 335.34 312.24
009297 0.728 182.91 135.22 500 341.3
009355 0.936 155.42 282.87 500 369.0
009385 0.955 0 37.6 500 375
009444 0.067 28.38 286.51 144.62 375
009444 0.724 274.3 303.39 500 372.69
009482 0.702 60.58 134.29 341.48 375
009486 0.853 179.16 242.21 344.76 436.01
009514 0.037 216.01 152.86 369.7 292.38
009521 0.255 413.56 271.28 499.4 371.19
009529 0.745 389.21 375 498.41 375
009582 0.607 37.29 107.57 500 375
009606 0.774 39.34 314.24 375 476.24
009662 0.767 71.17 267.14 466.43 367.94
009690 0.694 268.73 215.19 386.53 315.89
009742 0.832 29.89 110.53 500 433
009782 0.492 106.99 225.56 492.69 371.16
009798 0.105 34.28 153.22 312.68 370.03
009812 0.467 108.81 331.41 325.01 500
009815 0.025 0 215.26 431.55 356
009853 0.663 21.8 110.39 139.4 286.97
009854 0.203 335.67 133.87 435.63 177.73
009854 0.251 70.87 200.12 220.36 265.64
009854 0.003 148.06 128.19 208.86 161.52
009901 0.495 194.23 191.16 265.25 275.4
009901 0.108 366.68 202.81 447.8 295.21
009930 0.279 277.67 270.16 500 366.19
009962 0.096 355.59 218.54 500 375
