000001 0.295 36.24 248.51 197.94 392.62
000018 0.576 26.42 37.97 353.42 285
000029 0.86 66.26 54.6 282.86 270.25
000037 0.391 94.85 93.81 461.58 341.67
000075 0.277 105.48 65.78 236.28 304.27
000079 0.776 0 80.06 373.44 357
000086 0.187 306.61 126.97 354.13 171.91
000086 0.239 273.05 181.38 315.05 230.91
000086 0.427 246.54 139.06 283.5 170.42
000108 0.358 299.35 134.33 500 227.93
000108 0.52 20.46 92.51 327.5 267.41
000167 0.74 69.39 23.7 500 374
000183 0.165 37.66 27.87 494.5 375
000205 0.823 83.79 265.22 229.15 395.42
000255 0.779 0 127.07 500 292.07
000258 0.449 196.66 104.31 423.5 310.11
000290 0.838 98.29 94.22 333 500
000324 0.8 34.62 101.87 327.12 245.29
000362 0.241 156.43 24.07 277.95 269.89
000410 0.031 242.63 262.77 282.41 329.01
000422 0.201 40.38 27.61 500 446
000422 0.139 115.89 185.26 247.33 395.63
000478 0.901 169.31 86.59 426.87 223.3
000490 0.833 0 244.22 72.0 316.16
000506 0.354 72.28 305.25 232.34 500
000517 0.791 31.06 245.67 170.38 375
000533 0.326 332.54 38.09 364.94 75.53
000533 0.614 101.78 57.7 160.19 110.5
000539 0.218 143.42 254.36 474.3 372.94
000546 0.074 0 127.24 294.78 347.2
000551 0.737 269.4 153.28 497.21 349.63
000551 0.775 0 174.88 331.7 357.24
000551 0.603 78.18 23.43 309.18 230.28
000611 0.084 176.12 0 500 236.98
000692 0.999 155.29 181.74 500 323.52
000716 0.039 116.37 63.0 341.94 487.01
000718 0.132 139.6 41.75 334.9 375
000722 0.968 174.66 91.2 364.05 276.32
000734 0.851 375.29 168.44 447.05 279.75
000751 0.701 51.03 46.43 364.05 310.04
000759 0.704 124.74 118.89 471.6 375
000785 0.525 29.47 54.96 491.05 309.8
000853 0.011 72.43 172.42 333 500
000897 0.083 232.24 88.49 364.29 342.47
000897 0.173 262.12 301.61 474.68 375
000913 0.455 16.94 0 326.0 245.44
000957 0.108 84.6 34.81 268.6 375
000957 0.044 128.37 247.9 321.69 375
000963 0.589 0 32.62 345.8 333
000975 0.691 91.93 96.69 439.75 474
001000 0.165 0 0 500 298.08
001026 0.587 201.31 57.26 312.91 119.34
001026 0.097 0 184.38 92.61 383.58
001037 0.463 332.22 87.47 485.48 209.55
001037 0.081 164.48 115.95 343.24 245.27
001037 0.766 108.81 123.34 193.65 203.38
001037 0.441 107.7 27.49 185.22 193.91
001044 0.765 210.52 38.61 342.58 123.0
001044 0.371 11.62 45.2 158.07 143.2
001054 0.28 6.89 9.35 319.73 422.35
001075 0.799 209.38 149.33 408.1 224.03
001088 0.665 20.72 18.95 449.2 375
001095 0.988 97.84 211.14 323.56 351.94
001123 0.965 0 0 261.08 223.04
001131 0.029 104.54 9.48 437.18 241.8
001146 0.512 13.29 232.4 119.53 316
001150 0.562 173.33 68.41 376.26 371.57
001190 0.916 57.31 173.54 348.01 375
001195 0.218 132.23 49.11 312.71 316.41
001202 0.084 22.34 150.72 285.88 239.96
001202 0.496 393.22 0 500 296.64
001217 0.352 19.23 134.29 218.02 324.17
001217 0.707 254.62 90.61 500 189.19
001217 0.253 267.57 254.94 484.65 374.42
001217 0.182 186.65 144.4 500 298.78
001220 0.882 9.83 133.2 416.87 371.28
001232 0.754 119.5 55.43 392.0 331.79
001257 0.876 77.43 28.54 275.81 299.26
001282 0.159 188.41 287.45 301.83 334
001306 0.467 180.64 133.03 283.24 199.03
001322 0.787 0 10.68 500 375
001328 0.847 67.23 254.43 218.43 375
001339 0.544 17.24 0 412.24 335.78
001340 0.301 454.76 361.35 500 375
001353 0.061 106.18 115.14 332.9 333
001366 0.285 283.73 320.38 366.28 375
001366 0.341 103.04 259.64 137.45 326.28
001507 0.184 17.2 27.21 345.45 286.56
001549 0.224 19.85 68.56 228.17 327.52
001562 0.113 189.16 16.12 353.32 351.07
001601 0.219 138.74 0 369.2 323.49
001639 0.648 99.36 71.74 500 334.0
001639 0.058 95.12 190.53 369.52 334
001655 0.347 30.54 22.04 485.28 375
001656 0.753 158.66 99.77 344.9 239.45
001657 0.293 294.63 268.3 423.33 374.39
001665 0.228 158.87 146.23 208.85 200.82
001731 0.624 410.22 280.66 500 333
001751 0.55 169.62 52.62 483.34 332
001763 0.027 0 27.08 322.42 375
001767 0.83 225.44 92.52 500 358.95
001824 0.761 238.54 154.42 500 369.67
001839 0.958 93.21 174.98 270.77 333.53
001839 0.226 199.4 160.08 390.76 284.52
001851 0.641 21.48 48.39 347.88 473.73
001866 0.049 77.23 63.62 371.55 269.9
001914 0.529 90.25 282.08 246.45 425.63
001984 0.345 29.2 0 304.93 372.0
001984 0.074 237.11 93.02 406.16 317.72
001984 0.278 352.0 129.53 489.64 375
001992 0.306 10.72 157.25 267.76 343.41
002010 0.005 126.0 105.3 392.76 331.9
002016 0.115 3.05 291.33 40.13 341.15
002076 0.503 281.76 15.57 500 152.46
002111 0.618 94.61 230.6 212.03 292.48
002131 0.472 142.76 0 323.08 241.98
002133 0.494 174.55 133.92 304.53 236.96
002138 0.193 1.67 17.56 335.98 333.66
002141 0.104 43.82 256.86 284.39 458.82
002160 0.441 12.84 92.95 257.43 226.72
002160 0.939 196.32 113.98 500 284.7
002200 0.585 64.6 24.14 412.0 351.68
002203 0.46 204.72 18.39 346.68 288.19
002207 0.12 60.19 88.16 421.03 435.08
002243 0.144 20.29 14.5 418.85 365.46
002254 0.367 139.75 253.34 334 466.78
002286 0.264 150.72 0 397.2 203.55
002286 0.128 241.89 138.66 500 324
002327 0.688 22.29 121.64 307.47 500
002341 0.517 27.4 89.34 144.04 212.62
002341 0.322 139.67 162.34 252.89 242.7
002396 0.237 155.81 103.94 500 360.62
002408 0.317 44.2 51.12 496.81 312.4
002428 0.866 379.02 120.12 496.02 247.56
002447 0.31 87.77 73.76 466.07 262.36
002464 0.507 294.95 149.61 332.75 227.0
002464 0.621 288.37 109.91 355.71 197.13
002485 0.599 297.39 182.11 496.38 374
002485 0.785 9.46 0 242.77 313.04
002535 0.274 0 25.06 500 279.04
002541 0.1 20.36 65.88 460.36 301.2
002574 0.024 118.08 85.5 314.73 313.76
002587 0.692 0 31.68 112.36 283.12
002587 0.299 181.45 90.98 400.54 353.85
002587 0.175 74.38 72.99 309.38 253.95
002587 0.521 364.48 48.77 500 172.61
002587 0.39 432.99 102.01 492.79 313.13
002597 0.908 75.6 16.69 412.6 232.34
002652 0.797 156.16 114.92 417.98 362.43
002663 0.474 0 0 173.68 201.48
002708 0.387 111.97 72.17 425.27 258.18
002720 0.624 16.17 37.43 219.12 347
002725 0.291 0 193.91 339.15 363
002768 0.048 215.92 209.56 289.39 334
002805 0.31 16.06 5.89 369.76 363.77
002831 0.58 0 0 139.08 442.8
002849 0.926 58.37 56.73 326.63 259.29
002852 0.02 21.62 47.3 302.42 150.3
002852 0.923 30.56 154.47 428.36 239.07
002852 0.43 216.18 42.84 500 179.58
002853 0.438 38.53 18.79 440.57 333
002860 0.756 212.03 293.78 360.75 333
002876 0.004 51.98 24.12 409.36 334.2
002923 0.572 0 26.36 439.68 333
002964 0.309 124.44 317.98 178.98 431.83
002973 0.888 41.15 55.76 301.31 444.56
003040 0.945 186.51 128.01 447.87 241.41
003084 0.656 421.08 191.17 463.88 228.61
003084 0.199 97.44 208.66 136.64 226.17
003084 0.872 58.07 216.58 87.77 226.58
003084 0.315 34.24 209.3 77.92 230.51
003095 0.65 162.07 42.54 374 296.19
003114 0.983 0 0 208.89 143.81
003125 0.164 172.03 45.87 492.15 375
003156 0.08 133.21 87.47 418.03 276.86
003171 0.627 18.4 30.41 366.4 491.99
003174 0.49 0 22.69 500 303.03
003180 0.006 0 329.19 348.54 375
003224 0.378 353.22 204.87 490.83 356.45
003246 0.444 0 119.08 450.26 368.42
003264 0.5 37.12 71.94 407.38 272.14
003264 0.013 365.38 220.22 428.61 273.68
003266 0.797 88.45 116.06 400 492.71
003283 0.592 217.35 16.72 415.73 255.84
003310 0.773 0 0 316.54 429.64
003326 0.618 0 7.12 500 500
003332 0.992 224.1 63.24 500 234.36
003332 0.442 0 20.67 330.26 458.25
003352 0.267 1.38 200.5 176.1 425.5
003361 0.101 204.24 250.44 267.68 288.82
003384 0.288 216.48 92.06 420.6 370.7
003418 0.301 151.38 254.12 208.08 379.12
003418 0.178 13.85 354.45 207.52 443.69
003440 0.017 104.4 120.56 333 491.84
003447 0.193 151.75 153.45 428.95 287.07
003472 0.72 371.79 170.6 490.23 295.4
003479 0.587 68.69 43.29 390.88 322.97
003479 0.03 0 8.27 116.6 192.48
003490 0.072 131.06 266.31 279.26 333
003490 0.85 347.14 307.3 465.48 333
003533 0.959 69.3 123.2 122.71 164.8
003592 0.178 2.87 319.94 228.63 387.14
003592 0.155 138.25 263.94 247.99 316.94
003592 0.343 209.82 224.28 276.6 385.99
003592 0.432 232.52 273.92 282.01 311.52
003672 0.061 121.01 169.48 424.17 304.16
003693 0.795 120.36 176.22 267.24 343.7
003693 0.158 229.65 129.51 349.55 284.94
003693 0.32 117.21 44.07 193.86 115.14
003693 0.739 21.84 107.33 216.88 238.23
003693 0.76 139.95 109.82 231.75 166.22
003712 0.058 271.9 256.96 500 378
003728 0.929 134.4 122.38 273.9 274.84
003737 0.831 13.21 187.21 213.01 480.15
003739 0.468 0 375 271.46 375
003762 0.65 170.91 181.79 309.77 262.15
003785 0.126 291.92 253.11 500 333
003794 0.537 500 291.6 500 375
003805 0.443 0 81.85 252.0 202.78
003819 0.72 124.64 68.96 355.04 261.88
003819 0.554 177.79 143.4 453.56 289.32
003854 0.042 55.81 141.34 331.41 500
003881 0.139 158.48 57.63 281.33 178.15
003888 0.655 255.53 140.78 500 299.25
003901 0.61 338 325.16 338 500
003920 0.149 0 99.79 500 375
003933 0.866 155.58 1.34 433.97 270.17
003964 0.857 2.31 30.82 324.31 500
003977 0.375 0 0 455.7 469.06
003980 0.735 17.69 0 463.88 375
004002 0.756 20.65 98.05 384.65 295.0
004004 0.091 178.14 422.63 290.67 499.39
004021 0.964 0 32.04 491.04 375
004029 0.185 13.14 48.05 57.76 110.36
004062 0.729 0.44 93.56 285.26 302.65
004079 0.455 195.54 3.98 340.54 281.05
004086 0.983 61.39 13.42 271.63 150.1
004086 0.668 197.37 154.94 497.25 357.04
004112 0.124 0 160.59 181.3 304.07
004130 0.722 0 54.01 413.92 312.57
004157 0.82 18.82 34.08 383.32 333
004166 0.198 208.45 190.0 251.22 230.8
004202 0.956 486.09 29.0 500 281.72
004202 0.644 39.15 128.32 181.71 301.22
004218 0.753 471.73 169.18 500 240.94
004226 0.059 151.89 66.6 333.33 354.6
004267 0.412 28.62 47.05 379.09 273.85
004277 0.103 197.05 295.49 333 500
004288 0.379 200.41 117.0 374.26 349.8
004297 0.726 96.32 139.36 300.26 347.41
004306 0.524 85.53 328.32 230.33 375
004306 0.872 205.82 25.62 497.46 288.66
004343 0.813 50.12 39.46 439.28 266.7
004401 0.686 221.25 7.28 280.05 185.46
004419 0.158 209.13 102.76 397.47 246.41
004419 0.653 162.76 183.72 435.71 375
004428 0.557 117.34 76.12 281.64 282.04
004465 0.354 214.61 177.68 374.0 330.14
004472 0.521 0 0 422.65 340.34
004501 0.411 465.74 93.06 500 235.3
004501 0.851 1.42 213.69 206.58 342.96
004501 0.132 99.94 84.06 265.05 211.15
004545 0.193 204.28 85.86 260.93 267.11
004569 0.506 12.82 46.41 304.32 500
004593 0.15 72.15 0 458.21 375
004620 0.856 1.57 152.09 490.09 333
004621 0.842 479.12 0 500 270.27
004670 0.694 306.28 215.81 400.88 264.04
004696 0.453 0 179.16 124.26 274.2
004696 0.301 101.59 104.15 204.19 238.1
004696 0.938 179.64 73.94 295.92 195.48
004758 0.944 46.21 31.91 134.61 293.5
004767 0.881 0 93.02 436.0 375
004787 0.04 109.0 45.82 418.0 339.1
004925 0.033 196.59 172.7 375 463.7
004945 0.683 138.7 19.83 374.7 310.55
004979 0.801 178.63 130.53 304.63 306.57
004993 0.461 55.32 103.24 393.85 290.35
005010 0.603 137.4 0 500 102.66
005012 0.454 0 80.98 75.4 426.63
005050 0.527 155.04 33.03 416.37 368.53
005051 0.773 166.34 162.87 487.94 412
005051 0.831 0 7.44 405.0 398.16
005082 0.653 174.81 178.84 214.33 254.04
005092 0.303 107.68 95.25 330.04 232.21
005100 0.924 307.69 263.04 423.61 359.09
005117 0.263 25.13 263.39 281.09 412.77
005120 0.782 0 405.34 194.48 500
005127 0.707 188.9 63.83 334.1 286.83
005149 0.469 197.38 17.24 342.9 169.76
005149 0.03 154.26 142.25 500 333
005152 0.3 125.39 0 500 353.78
005165 0.41 54.0 54.76 441.28 332.48
005193 0.351 133.93 120.97 500 343.44
005194 0.64 41.93 56.51 449 500
005225 0.9 6.14 163.01 325.13 369.97
005241 0.506 104.39 13.53 500 354.57
005277 0.088 207.56 112.06 315.68 251.76
005308 0.398 231.83 135.27 339.74 310
005308 0.231 433.01 95.98 500 196.78
005321 0.303 53.62 48.2 393.52 328.04
005361 0.63 0 88.28 437.76 461.72
005394 0.794 140.06 199.04 343.61 500
005400 0.971 136.45 73.38 439.45 375
005426 0.92 229.38 8.57 338.46 202.07
005446 0.971 94.2 0 231.62 236.25
005476 0.074 120.35 83.54 375 438.14
005482 0.669 23.03 38.92 325.97 167.72
005512 0.837 190.36 19.2 484.68 164.55
005512 0.975 39.16 0 428.12 333
005528 0.409 146.53 3.28 474.62 333.94
005557 0.11 58.4 127.03 252.4 436.55
005602 0.019 132.03 112.14 387.45 294.74
005602 0.565 361.75 154.75 444.57 208.1
005651 0.633 236.59 91.26 381.55 291.98
005671 0.976 0 55.99 474.7 375
005684 0.079 67.62 250.74 180.74 290.78
005692 0.067 104.52 54.65 482.94 294.41
005703 0.092 124.33 142.9 235.61 284.8
005712 0.662 0 25.28 372.69 322.08
005744 0.303 206.9 216.0 302.9 494.0
005776 0.449 63.23 42.37 469.88 341.29
005785 0.824 176.29 118.52 346.42 252.78
005810 0.45 140.9 136.57 500 372.73
005835 0.32 12.37 223.76 208.31 329.84
005835 0.553 195.25 222.65 429.02 333
005835 0.182 206.76 215.14 425.85 333
005892 0.328 146.59 99.43 234.91 152.89
005913 0.458 0 56.88 452.27 315.82
005937 0.648 35.72 58.58 236.56 261.23
005955 0.716 18.36 26.82 490.75 333
005997 0.47 158.75 117.97 265.86 301.12
006007 0.962 163.3 67.4 308.8 234.24
006037 0.74 91.29 8.28 314.95 169.28
006039 0.103 182.3 42.66 340.64 180.21
006044 0.642 187.99 30.18 494.88 375
006099 0.019 0 0 464.36 318.6
006112 0.871 73.81 211.94 500 371
006149 0.358 28.18 23.73 395.3 243.25
006167 0.41 153.57 214.58 261.86 321.93
006182 0.661 66.97 91.3 405.5 273.1
006182 0.571 0 21.49 102.7 76.93
006194 0.062 328.69 0 500 351.08
006227 0.798 96.02 67.24 248.31 139
006245 0.005 12.59 0 323.72 345.96
006253 0.95 0 33.02 209.0 334
006266 0.248 244.79 129.38 319.31 314.88
006266 0.244 362.26 184.78 458.72 268.38
006266 0.472 108.34 134.61 229.09 260.97
006273 0.339 190.77 0 288.56 110.98
006315 0.942 254.87 149.9 402.33 346.78
006328 0.657 280.48 91.86 440.86 356.94
006354 0.773 277.26 149.49 399.98 298.45
006354 0.94 0 78.7 389.55 228.43
006399 0.398 190.66 0 456.24 317.19
006403 0.959 55.6 24.0 500 365.25
006457 0.158 35.78 0 467.35 377.4
006479 0.055 33.54 21.24 493.16 303.48
006487 0.56 195.08 136.45 369.08 289.92
006537 0.337 102.4 0 500 332.77
006568 0.062 14.17 76.06 366.61 494.2
006571 0.984 0 106.53 199.24 375
006580 0.323 363.08 222.2 387.48 249.72
006580 0.647 188.06 255.47 248.25 320.81
006580 0.132 121.0 237.07 192.76 294.75
006580 0.534 62.86 163.78 149.9 236.37
006580 0.786 94.94 224.77 128.93 278.3
006580 0.084 144.78 208.08 167.28 226.28
006580 0.414 89.56 201.85 122.89 224.53
006580 0.118 83.62 201.69 95.72 208.39
006580 0.041 2.84 293.1 35.96 375
006598 0.84 93.42 265.24 209.52 374.14
006607 0.917 47.13 16.71 500 375
006655 0.93 69.6 147.2 333 395.6
006767 0.665 177.76 230.72 251.2 315.32
006791 0.563 15.85 0 394.75 328.6
006815 0.548 197.72 123.75 434.23 252.5
006846 0.455 109.6 77.46 327.85 464.74
006870 0.631 0 0.5 441.0 300.5
006877 0.915 37.15 70.26 226.15 366.92
006902 0.136 151.93 153.04 442.71 287.59
006915 0.448 110.57 61.84 405.93 332.72
006915 0.457 292.62 183.91 465.58 370.15
006928 0.15 165.82 7.36 454.62 347.7
006961 0.261 0 0 325.36 500
006969 0.057 0 161.13 441.6 375
006991 0.017 210.92 100.04 489.64 306.05
006998 0.795 13.43 5.03 439.67 316.88
007017 0.789 51.07 82.63 135.77 152.74
007024 0.917 185.04 183.37 238.17 251.01
007081 0.695 199.47 279.43 320.73 375
007099 0.87 192.4 87.51 385.0 263.29
007181 0.201 86.35 164.2 283.64 273.4
007183 0.486 0 65.38 402.62 204.6
007190 0.02 327.75 90.19 500 333
007209 0.294 55.85 52.72 252.31 417.34
007231 0.543 0 0 426.0 136.12
007254 0.939 37.65 30.49 369.35 387.61
007312 0.92 0 15.5 461.28 375
007312 0.288 42.16 84.51 309.12 308.51
007384 0.799 124.03 94.8 372.63 367.8
007418 0.814 0 404.16 323.76 500
007434 0.632 320.93 0 480 380
007453 0.294 16.77 91.75 299.73 281.75
007485 0.414 84.2 125.08 370.15 300.04
007515 0.558 320.87 32.6 391.59 201.8
007515 0.09 183.51 170.83 319.03 278
007552 0.798 289.77 252.02 314.47 272.82
007560 0.096 441.18 246.66 500 375
007583 0.317 285.41 139.13 495.97 342.97
007588 0.897 156.53 61.16 212.63 161.15
007596 0.527 295.59 96.51 362.15 156.36
007625 0.522 250.19 135.69 306.92 242.64
007625 0.202 197.62 224.81 281.99 363.93
007659 0.667 114.56 204.0 192.46 371.4
007689 0.014 29.34 19.95 205.1 250.8
007695 0.104 0 0 130.8 150.23
007703 0.581 106.19 64.83 228.39 183.87
007716 0.395 209.43 114.32 398.43 301.47
007770 0.022 94.72 128.35 275.12 333
007787 0.68 30.33 72.55 410.49 267.29
007794 0.709 0 287.54 351.86 500
007802 0.826 6.48 0 500 375
007827 0.543 23.24 1.56 348.6 281
007828 0.455 105.83 44.87 290.66 285.89
007875 0.759 22.9 53.8 285.89 485.8
007879 0.677 94.96 14.82 444.16 263.38
007895 0.947 328.13 59.82 482.83 375
007907 0.699 0 85.28 195.22 162.14
007930 0.571 275.09 219.04 500 347.04
007962 0.564 94.42 175.72 403.18 368.64
007969 0.476 175.4 295.76 232.52 448.64
007969 0.192 108.23 310.56 162.95 397.98
008025 0.828 53.6 74.31 241.6 269.01
008054 0.533 0.56 105.63 500 329.23
008071 0.317 170.64 374.32 333 451.04
008080 0.189 0 24.51 488.72 152.85
008080 0.031 62.23 170.7 166.11 274.49
008102 0.927 83.65 62.91 237.55 261.36
008149 0.986 33.98 44.24 468.58 375
008167 0.763 7.56 142.68 62.76 226.14
008172 0.279 217.64 119.22 482.24 424.14
008176 0.093 96.56 143.99 256.72 311.43
008178 0.735 296.26 132.89 374.7 221.45
008181 0.781 0 23.53 286.12 271.85
008201 0.752 265.77 36.81 499.08 297.09
008201 0.266 0 0 169.92 242.58
008201 0.49 137.92 230.88 500 375
008238 0.108 197.0 78.92 352.0 255.41
008238 0.952 375.44 172.48 499.04 333
008259 0.023 198.44 115.03 239.72 196.03
008328 0.356 134.29 188.29 242.77 452.29
008340 0.497 0 2.49 438.44 371.76
008356 0.056 125.43 0 424.43 260.4
008419 0.209 94.48 169.17 255.38 297.69
008420 0.25 0 47.67 500 357
008441 0.605 72.2 33.32 252.05 289.34
008441 0.983 172.9 84.47 475.9 322.47
008489 0.791 81.4 38.19 237.85 375
008491 0.491 265.02 187.46 336.42 242.54
008493 0.488 120.4 21.9 331.0 177.3
008493 0.082 218.21 69.6 278.49 126.28
008532 0.013 73.19 67.78 474.13 312.57
008544 0.046 3.5 25.78 499.5 314.78
008594 0.546 167.88 0 500 282.72
008599 0.389 46.87 0 197.93 441.98
008603 0.301 22.69 153.15 332 410.55
008613 0.466 0 65.7 480.42 266.26
008637 0.512 83.76 99.0 355.36 220.92
008641 0.411 213.79 87.0 388.69 314.5
008649 0.622 0 31.09 486.08 375
008651 0.062 0 269.07 124.74 347
008656 0.085 0 206.03 400.32 333
008674 0.481 31.58 53.58 458.58 343.6
008705 0.282 115.98 90.16 311.5 291.56
008762 0.887 215.58 347.35 280.44 412.25
008781 0.115 0 32.43 440.44 329.07
008792 0.046 160.11 47.09 409.43 369.51
008792 0.018 13.91 0 364.47 375
008827 0.942 216.95 173.3 399.35 281.46
008827 0.424 1.77 132.22 163.48 254.12
008875 0.175 156.59 143.07 296.75 358.35
008889 0.512 95.99 112.81 337.52 341.23
008898 0.609 0 38.68 326.4 374.0
008907 0.312 37.26 50.55 451.46 348.15
008964 0.426 221.1 108.52 500 327.02
008964 0.246 29.35 58.46 497.62 309.69
008977 0.275 223.12 0 500 243.6
009014 0.469 289.07 80.89 385.56 248.53
009014 0.512 270.6 190.83 326.67 237.45
009025 0.156 407.65 315.31 500 332
009061 0.269 137.28 134.06 372.97 334
009084 0.818 117.65 54.41 228.75 240.17
009084 0.524 8.37 231.38 96.64 375
009103 0.339 88.17 3.08 470.68 283.88
009103 0.403 389.74 294.6 500 334
009142 0.956 17.5 0 266.82 435.75
009176 0.902 56.0 119.43 432.0 370.38
009190 0.865 78.64 47.2 500 451.2
009199 0.695 20.57 134.72 359.72 491.12
009204 0.785 134.93 52.95 335.77 336.87
009233 0.916 151.9 41.41 333.8 260.89
009235 0.615 83.1 368.61 129.56 496.99
009276 0.999 9.11 272.36 331.47 500
009383 0.215 0 1.31 500 332.55
009442 0.69 10.97 46.43 381.47 333
009449 0.227 96.65 128.67 427.42 323.7
009485 0.838 123.6 42.46 402.78 353.68
009513 0.215 105.91 169.69 285.1 463.6
009556 0.733 9.3 165.15 172.05 372.63
009572 0.81 232.7 31.66 306.62 139.66
009583 0.666 287.08 13.48 412.27 87.58
009592 0.748 102.94 112.24 254.14 266.94
009604 0.372 0 27.64 375 500
009624 0.604 245.71 0 314.02 208.5
009660 0.266 297.66 152.44 375 282.68
009744 0.919 341.94 77.88 447.94 216.93
009744 0.585 26.81 48.72 136.29 219.8
009786 0.916 254.1 13.0 440.76 280.84
009787 0.693 235.44 76.45 346.14 217.25
009799 0.866 38.72 39.55 500 270.55
009799 0.02 258.93 190.56 486.17 332.85
009802 0.383 47.86 222.87 186.57 365.74
009802 0.25 82.2 120.53 272.08 254.01
009826 0.138 183.7 140.31 307.0 375
009889 0.181 155.66 150.55 402.06 253.01
009899 0.606 165.1 0 500 375
009907 0.232 15.06 124.35 319.84 493.95
009922 0.18 198.41 88.47 445.63 324.09
009952 0.87 0 0 351.78 473.62
