000010 0.971 70.41 129.34 255.09 480
000022 0.052 73.7 110.56 391.7 288.76
000056 0.447 165.0 83.84 404.76 334
000166 0.606 65.19 152.06 231.72 321.35
000168 0.198 105.26 144.23 210.02 480
000237 0.692 53.67 55.27 365.75 351.66
000248 0.131 96.06 90.73 300.88 259.09
000267 0.653 80.76 57.02 332 500.0
000319 0.8 44.49 69.03 336.73 286.36
000319 0.218 317.1 176.3 369.88 247.32
000330 0.931 67.62 71.2 361.38 349
000356 0.26 119.31 145.82 212.43 474.42
000378 0.868 0 72.02 212 320
000392 0.449 7.94 0 321.59 275.88
000393 0.612 158.88 114.65 411.74 312.05
000410 0.307 30.56 213.73 90.56 302.47
000412 0.609 45.3 114.85 354.3 327.03
000412 0.222 54.97 101.51 389.59 333
000413 0.052 177.46 10.65 467.14 375
000434 0.182 85.76 82.31 399.26 278.01
000445 0.648 255.76 80.85 462.67 230.25
000445 0.811 132.62 62.23 315.62 263.88
000445 0.039 15.45 52.8 202.93 266.8
000455 0.876 88.25 56.3 437.0 271.95
000475 0.925 331.19 88.6 365.49 133.24
000475 1.0 368.29 81.66 403.99 127.23
000604 0.506 29.27 223.8 300.35 455.85
000616 0.065 70.47 69.64 335.28 357.01
000623 0.875 149.29 156.75 281.05 212
000666 0.923 73.87 94.91 321.87 301.94
000704 0.852 233.67 0 380.19 355
000704 0.224 113.07 99.61 358.07 355
000737 0.961 255.88 129.12 403.34 270.23
000783 0.017 109.04 99.69 418.3 380.88
000836 0.719 104.84 179.64 241.83 468.04
000866 0.49 150.5 176.1 388.64 363.56
000978 0.009 6.94 162.65 63.34 319.63
000986 0.921 152.61 124.84 311.61 274.19
001013 0.636 497.2 0 500 311.64
001063 0.509 0 179.47 480 318
001114 0.957 204.83 92.14 399.83 299.5
001183 0.606 74.36 153.44 175.88 259.64
001183 0.969 141.16 125.47 356.38 369.87
001245 0.876 181.24 0 355.24 198.17
001245 0.088 4.92 123.47 36.72 213.68
001300 0.855 78.73 134.15 262.73 484.61
001317 0.365 27.71 13.92 194 247.2
001320 0.712 192.48 83.94 435.56 298.67
001398 0.147 25.33 11.29 239.17 169.39
001412 0.054 188.25 118.3 392.5 289.42
001417 0.63 66.23 57.94 365.75 348.94
001452 0.506 0 330.17 136.62 500
001574 0.26 26.97 114.05 208.14 456.95
001584 0.339 192.81 0 500 357.22
001624 0.548 169.22 140.65 410.52 265.31
001635 0.113 459.16 137.43 500 170.39
001635 0.717 258.66 142.05 289.35 164.8
001635 0.632 300.98 137.05 325.18 161.49
001635 0.079 133.58 142.63 156.68 173.83
001635 0.776 105.83 166.22 117.83 188.33
001635 0.71 100.22 140.98 112.82 177.36
001692 0.926 88.05 44.33 225.79 218.21
001703 0.72 30.1 32.04 497.56 280.44
001703 0.599 4.95 63.35 55.71 286.45
001769 0.115 80.52 73.05 261.91 326.05
001769 0.154 263.84 85.89 451.94 366.78
001794 0.397 66.22 74.75 139.48 320
001819 0.64 85.3 109.18 238.94 449.02
001823 0.169 114.56 138.63 201.56 382.59
001865 0.525 0 1.85 352.92 481.83
001900 0.223 73.0 17.55 375 447.91
001939 0.393 0 0 392.46 263.34
001955 0.805 236.32 200.19 291.2 247.23
001955 0.372 182.8 153.71 205.12 212.27
002017 0.785 71.91 172.14 216.09 278.78
002031 0.808 64.34 87.27 407.33 275.95
002046 0.08 273.28 124.52 454 432.52
002046 0.196 0.73 69.56 260.69 439.22
002050 0.117 0 205.58 204.24 438.33
002071 0.786 88.25 127.33 120.8 228.27
002071 0.329 73.33 281.81 271.69 332
002071 0.329 338.3 172.84 400.38 215.08
002071 0.019 211.74 130.23 354.3 247.89
002072 0.403 0 114.33 313.0 319.31
002204 0.757 75.32 39.7 241.15 168.5
002269 0.847 56.36 69.04 223.84 194.62
002283 0.198 237.58 50.25 425.26 309.6
002331 0.572 104.1 263.14 189.6 333
002360 0.534 65.64 174.2 248.04 423.51
002398 0.611 76.09 125.23 235.89 452.47
002409 0.076 99.68 47.14 480 365.42
002421 0.165 0 213.8 262.24 322
002511 0.524 68.61 103.2 349.91 408.96
002553 0.477 0 40.22 425.32 377
002573 0.075 245.5 202.9 359.9 296.12
002573 0.601 309.53 260.59 448.39 375
002573 0.862 256.65 143.42 319.48 180.28
002573 0.047 319.89 164.17 364.78 194.97
002573 0.286 141.28 138.32 176.28 165.86
002573 0.222 109.53 139.17 268.15 256.93
002573 0.51 67.88 160.26 176.17 247.66
002596 0.189 61.42 233.02 311.89 463.54
002596 0.693 11.62 43.84 198.06 379.24
002655 0.739 92.91 65.39 450.96 275.62
002692 0.672 276.2 150.18 371.24 370.5
002780 0.921 248.01 86.31 447.81 269.46
002790 0.37 0 0 178.48 500
002819 0.751 417.32 145.47 475.6 279.57
002819 0.549 82.32 47.82 424.28 270.38
002828 0.255 0.85 35.56 388 267.39
002828 0.155 112.8 131.76 293.3 259.09
002828 0.695 251.22 49.15 286.97 119.15
002837 0.702 169.46 103.77 364.94 295.53
002909 0.622 97.27 0 210.67 336.67
002921 0.901 101.09 185.66 227.58 459.25
003022 0.642 151.42 75.67 417.05 267.25
003041 0.364 29.37 165.5 253.23 386.27
003041 0.801 285.56 55.25 318 240.47
003041 0.091 3.13 194.78 80.21 317.36
003084 0.054 176.17 153.62 316.33 249.62
003173 0.655 0.32 93.08 40.98 119.54
003173 0.058 36.92 45.75 255.92 166.29
003182 0.752 0 152.61 449.28 500
003182 0.234 312.82 317.65 493.65 482.15
003187 0.43 50.98 80.05 375.98 314.2
003193 0.884 155.8 71.7 383.8 242.7
003222 0.387 52.67 57.94 374.43 257.86
003232 0.891 187.56 20.14 320 168.63
003235 0.633 244.42 392.89 335 480
003237 0.367 108.86 130.83 250.95 415.41
003304 0.888 124.45 215.83 218.95 454.79
003473 0.613 67.6 86.96 442.1 314.72
003531 0.754 55.6 97.44 156.6 278.89
003557 0.025 178.92 132.42 291.19 240.49
003562 0.489 275.61 168.25 393.95 256.57
003579 0.993 86.79 126.26 189.51 469.66
003583 0.002 87.29 108.83 403.13 313.31
003583 0.344 0 173.3 118.72 318
003584 0.889 65.24 42.37 217.24 162.06
003653 0.876 7.0 46.21 447.02 288.76
003680 0.552 24.73 131.31 350.91 348.66
003680 0.435 437.5 12.52 500 147.88
003720 0.04 12.46 121.58 294.72 333
003720 0.583 94.64 193.66 234.38 303.82
003720 0.941 228.45 128.78 500 317.46
003734 0.294 278.9 188.54 370.04 266.3
003734 0.587 28.27 0 237.37 249.92
003764 0.475 100.77 35.6 199.35 203
003832 0.12 103.41 48.79 354.9 265
003852 0.369 102.13 34.28 500 375
003922 0.353 84.84 59.14 437.94 339.94
003951 0.173 28.19 92.59 296.76 414.98
003955 0.713 267.91 189.04 438.91 370.48
003955 0.561 130.48 192.89 266.78 360.89
003978 0.724 7.89 67.76 403.41 301.34
004006 0.183 77.02 98.66 283.12 295.95
004006 0.255 276.76 82.43 362.62 147.42
004084 0.239 80.6 51.74 285.2 219
004103 0.281 189.36 226.82 226.96 286.62
004103 0.255 117.62 207.42 137.22 242.73
004103 0.827 101.97 210.93 116.85 240.05
004126 0.119 76.07 99.31 186.28 377.15
004177 0.05 0 0 328.83 351.68
004234 0.127 164.9 58.3 359.94 211.75
004234 0.141 1.97 34.41 63.53 132.26
004266 0.724 68.54 53.24 499.96 332.96
004294 0.29 133.55 138.64 449.99 302.44
004301 0.923 69.99 58.22 328.71 377.63
004309 0.004 84.33 145.45 441.71 375
004309 0.968 326.09 245.72 487.59 371.16
004381 0.987 36.51 35.26 453.56 268.22
004407 0.31 330.67 0 333 500
004492 0.347 0 189.64 415.11 375
004522 0.387 232.82 186.49 407.73 308.49
004538 0.721 60.55 80.19 426.17 367
004545 0.235 194.81 56.76 410.95 359.7
004545 0.157 172.18 134.26 203.53 167.16
004561 0.872 0 305.4 241.9 375
004564 0.624 92.06 124.39 217.46 421.05
004589 0.337 78.18 14.54 376.1 323.42
004629 0.69 64.85 114.55 231.11 290.68
004629 0.8 176.11 104.86 312.73 270.7
004629 0.038 322.85 136.43 420.61 281.63
004749 0.202 72.8 41.78 227.9 222.95
004756 0.639 202.77 124.61 313.92 259.61
004803 0.843 130.5 96.51 294.16 304.56
004804 0.399 53.19 91.56 250.83 258.48
004807 0.595 101.63 31.48 352.43 300.17
004865 0.97 0 39.33 400.0 295.06
004874 0.003 43.4 91.0 289.68 245.35
004932 0.73 88.84 61.87 268.69 218
004957 0.058 143.5 10.29 475.66 375
004970 0.044 25.83 32.96 488.41 384.5
005053 0.968 26.23 140.75 72.29 194.11
005053 0.884 65.67 157.71 82.33 204.79
005053 0.685 160.23 121.3 214.75 193.68
005053 0.016 259.55 120.76 324.41 206.62
005132 0.704 108.72 96.58 398.02 295.43
005139 0.317 143.62 133.58 363.06 286.02
005182 0.94 161.09 104.91 367.5 288.25
005198 0.161 281.55 64.64 389.22 209.6
005299 0.963 386.78 6.61 470.2 187.87
005299 0.906 135.38 17.98 470.12 286.44
005299 0.558 9.55 48.9 308.8 301.88
005334 0.022 0 114.24 321.36 489.96
005339 0.28 399.12 49.43 440.46 78.86
005342 0.679 198.03 110.08 453.81 299.19
005342 0.972 144.47 227.28 338.87 312
005342 0.315 37.13 141.89 141.08 269.69
005409 0.619 16.16 4.96 290.71 301.96
005456 0.324 262.49 85.72 320 199.02
005456 0.373 42.68 0 105.92 160.08
005505 0.494 28.9 46.01 483.4 324.73
005513 0.803 71.54 42.42 297.26 198.22
005529 0.702 253.32 138.95 361.39 191.45
005529 0.331 346.32 148.93 424.98 193.41
005564 0.22 0 185.74 212.3 456.4
005572 0.599 135.62 44.63 485.51 388.98
005610 0.484 0 225.53 402 480
005677 0.531 108.35 60.76 333.01 357
005677 0.112 66.97 296.46 98.13 357
005722 0.66 17.32 131.37 332.18 350.59
005733 0.624 186.43 94.24 424.51 276.56
005733 0.656 2.22 93.09 20.75 170.09
005822 0.422 97.67 44.49 491 500
005882 0.648 166.41 0 327.69 242.06
005890 0.147 91.33 79.6 195.01 201.04
005944 0.609 74.29 58.15 262.24 212
005967 0.57 86.66 38.02 198.59 219.3
005973 0.578 81.4 14.78 371.4 405.5
006002 0.694 316.02 98.27 407.2 134.65
006002 0.285 470.63 101.72 499.19 189.46
006106 0.848 265.04 127.91 500 375
006106 0.944 0 130.25 247.48 375
006122 0.392 164.91 28.69 380.04 292.59
006143 0.591 93.25 121.32 190.51 233.54
006207 0.556 362.1 121.4 480 323
006237 0.206 106.96 157.89 132.97 211.25
006361 0.916 125.64 129.01 192.59 204.54
006361 0.244 217.78 88.67 401.08 210.6
006364 0.635 66.2 143.4 500 344
006365 0.76 74.32 75.98 403.32 329.95
006368 0.083 61.0 260.04 252.33 333
006401 0.118 269.8 178.31 408.9 265.67
006401 0.371 132.44 181.55 207.92 250.9
006401 0.305 22.3 165.78 75.58 207.43
006401 0.102 61.74 192.51 100.68 239.81
006401 0.549 109.78 203.99 167.55 259.07
006478 0.934 394.49 194.07 465.89 239.15
006478 0.413 329.07 191.7 394.79 237.76
006478 0.757 156.9 177.97 192.1 202.67
006478 0.542 199.76 187.24 214.94 218.29
006478 0.565 52.67 171.4 92.45 204.88
006511 0.27 0 323.42 405.87 332
006521 0.56 224.34 185.64 288.6 343.2
006522 0.511 0 57.97 492.9 359.76
006540 0.857 0 277.81 210.18 500
006555 0.181 0 128.48 187.0 281.74
006555 0.293 0 43.89 456.0 359
006586 0.486 468.16 149.85 500 333
006623 0.652 156.97 119.04 272.89 415.7
006649 0.89 290.19 215.56 379.19 317.86
006672 0.528 89.78 41.13 201.88 215.13
006728 0.952 166.8 28.3 500 375
006756 0.182 91.84 169.48 215.44 420.28
006756 0.753 53.77 156.81 128.03 205.77
006756 0.222 143.51 167.9 232.95 247.4
006779 0.448 21.15 34.59 435.15 301.71
006793 0.118 115.86 19.35 175.38 216
006811 0.921 108.31 39.38 179.92 202.06
006863 0.535 444.84 154.16 500 273.47
006863 0.183 373.12 122.75 500 258.09
006863 0.01 255.04 118.26 429.44 271.52
006863 0.898 150.65 141.56 326.07 266.02
006873 0.595 0 11.74 372.78 134.82
006875 0.609 108.5 85.22 242.42 320.82
006897 0.401 204.4 0 415.8 234.9
006936 0.742 151.67 143.66 420.19 331.21
006982 0.742 214.63 121.45 273.19 208.87
006982 0.535 330.99 111.25 359.79 160.25
007055 0.28 74.46 54.38 500 295.08
007134 0.189 334.18 126.33 411.37 264.07
007134 0.489 404.15 138.72 474.22 292.24
007134 0.323 367.31 340.36 480 371
007229 0.715 0 39.75 260.38 220
007252 0.915 216.3 106.68 487.48 310.08
007253 0.633 124.08 94.56 211.5 421.07
007265 0.048 81.73 10.48 335.38 332
007293 0.576 0 78.76 401.2 302.98
007293 0.414 55.77 95.91 227.37 310.28
007303 0.277 118.96 151.73 247.36 431.45
007310 0.155 78.43 128.04 238.49 423.36
007392 0.608 125.46 190.56 243.16 480
007412 0.621 0 0 500 295.2
007509 0.128 72.61 147.82 316.69 370.22
007587 0.29 85.5 217.78 319.5 400
007587 0.274 0 128.87 460.0 397.71
007609 0.695 27.35 214.54 264.95 439.24
007616 0.405 77.12 95.72 438.2 358.84
007620 0.643 79.82 172.62 228.86 480
007620 0.6 257.77 311.98 318 391.66
007623 0.549 102.53 53.71 226.22 204.71
007636 0.243 104.33 136.49 244.03 472.11
007750 0.256 82.22 117.04 289.07 454.68
007766 0.752 76.66 115.66 416.72 303.9
007774 0.484 0 55.62 402.15 375
007789 0.465 129.71 164.24 157.15 220.88
007789 0.989 170.11 115.27 196.03 209.67
007789 0.946 175.03 165.0 205.97 221.26
007789 0.571 208.44 161.2 219.55 214.61
007789 0.425 228.15 164.64 250.41 217.16
007789 0.911 254.55 161.75 275.13 206.3
007789 0.386 276.75 165.84 297.65 214.24
007805 0.523 259.87 0 383.36 375
007874 0.256 311.89 235.73 500 333
007942 0.683 94.38 41.66 262.86 249.58
007972 0.322 468.31 97.96 500 307
007972 0.199 225.24 260.45 500 307
007975 0.857 0 0 330.3 347.44
008010 0.385 223.97 76.42 378.67 209.31
008027 0.542 40.06 260.85 170.7 492.69
008059 0.217 98.17 93.86 179.77 203
008109 0.382 56.27 135.01 233.88 297.85
008109 0.503 270.06 139.62 450.54 263.81
008124 0.465 209.64 92.47 491.6 301.02
008147 0.848 52.33 43.45 224.38 153.34
008183 0.416 0 75.34 308 308
008192 0.852 405.06 29.0 479.61 165.25
008205 0.23 77.54 61.72 216.26 178.2
008228 0.735 26.19 47.22 342.07 312
008256 0.783 239.42 0 480 423
008259 0.178 241.17 157.66 464.38 375
008298 0.927 343.36 117.25 500 282.61
008298 0.661 288.74 131.4 454.61 217.73
008298 0.537 100.32 79.32 347.84 244.92
008298 0.15 156.49 121.38 358.01 240.58
008303 0.672 257.25 0 480 294.0
008314 0.637 180.62 92.6 491.99 307.78
008354 0.735 87.41 69.91 386.33 259.43
008399 0.282 46.65 168.14 428.64 480
008476 0.933 114.05 339.5 245.94 445.5
008476 0.847 114.84 330.77 310.6 394.82
008574 0.248 60.78 291.42 315.3 490.7
008593 0.765 2.5 115.57 33.7 164.45
008593 0.866 55.39 130.4 196.15 273.2
008593 0.122 210.29 234.3 275.86 318
008593 0.514 159.06 109.78 315.51 230.68
008593 0.74 273.35 143.85 349.85 244.65
008593 0.426 354.16 147.46 434.74 247.74
008593 0.509 321.61 134.36 367.21 240.56
008593 0.888 435.79 143.06 478.99 233.31
008605 0.141 129.16 125.12 161.26 210.72
008786 0.27 130.55 243.48 365.15 296.52
008786 0.586 52.86 146.26 124.94 234.53
008786 0.122 112.99 172.36 158.99 241.18
008786 0.692 368.96 120.46 488.75 227.98
008802 0.383 83.29 37.41 223.37 193.81
008804 0.896 206.38 0 290.87 134.3
008812 0.543 346.95 0 500 338.1
008882 0.971 93.74 122.28 230.48 433.34
008899 0.14 90.23 46.29 390.53 330.5
009046 0.132 65.32 155.69 429 486.89
009046 0.071 399.95 159.8 429 308.8
009067 0.207 125.83 79.75 454.66 338.31
009074 0.904 193.03 158.74 266.53 341.05
009101 0.587 19.91 64.77 209.91 318
009101 0.861 0 112.99 334.8 318
009101 0.342 357.02 137.36 458.94 318
009130 0.942 61.22 151.59 418.74 441.39
009231 0.885 0 102.35 280.9 354.29
009231 0.34 230.46 234.36 368.4 355
009231 0.101 170.51 75.38 473.15 325.94
009369 0.216 91.88 21.04 283.46 206
009380 0.274 56.31 74.34 347.71 232.12
009505 0.953 100.05 128.63 344.05 450.87
009525 0.535 59.98 132.5 295.18 438.5
009535 0.475 191.45 77.9 410.15 317.48
009569 0.7 240.94 289.17 500 375
009661 0.054 29.12 58.7 381.02 303.35
009661 0.041 0 136.88 85.02 254.48
009665 0.452 82.24 169.15 126.24 253.3
009665 0.016 339.66 113.82 443.62 176.95
009665 0.376 313.62 140.44 361.5 190.48
009665 0.867 190.71 159.43 235.43 187.48
009722 0.118 31.7 221.31 175.7 350.53
009768 0.008 343.22 124.62 418.55 239.62
009803 0.826 152.45 21.16 415.89 143.88
009903 0.752 60.25 103.09 396.03 333
009931 0.57 51.95 213.46 117.14 323.26
009931 0.408 175.2 155.61 225.67 187.23
009931 0.647 222.9 132.31 293.46 172.49
009931 0.752 345.69 103.58 492.19 161.0
009933 0.803 21.94 0 432.35 372.4
009937 0.309 22.89 129.4 489.03 289.99
009957 0.911 68.94 152.95 285.84 430.15
