000038 0.803 2.13 228.2 44.55 310.6
000055 0.618 207.88 132.18 267.28 222.18
000058 0.261 0 115.38 343.2 375
000094 0.69 0 2.0 500 324.04
000094 0.961 0 83.0 161.59 142.92
000111 0.7 106.01 203.54 177.55 227.03
000201 0.708 253.8 148.07 373.36 327.07
000201 0.497 327.37 56.75 397.56 137.75
000264 0.631 0 0 314.45 275.88
000265 0.627 134.71 139.29 293.17 293.37
000348 0.715 93.41 152.42 374.41 301.46
000353 0.172 90.58 29.65 416.38 333.76
000353 0.119 34.85 52.66 91.53 85.0
000353 0.344 136.49 25.3 179.05 64.16
000364 0.569 46.8 18.04 458.8 302.24
000364 0.451 305.0 35.76 465.74 156.04
000467 0.108 486.05 131.05 500 157.51
000467 0.949 375.71 126.82 477.71 174.52
000467 0.343 260.32 196.72 289.32 290.96
000467 0.297 220.28 143.38 290.63 229.24
000467 0.371 239.05 132.84 296.55 189.39
000467 0.196 85.87 147.45 164.44 267.73
000485 0.088 221.87 78.22 448.67 241.12
000485 0.287 89.46 157.46 182.91 248.6
000497 0.506 0 218.33 374.92 476.57
000532 0.396 190.53 170.7 334.68 331
000532 0.57 207.1 270.35 371.69 331
000553 0.882 33.4 34.91 421.4 335.89
000570 0.961 152.84 112.0 481.84 316.24
000630 0.678 213.64 177.34 500 375
000643 0.442 106.14 227.31 266.1 362.31
000655 0.829 129.99 133.26 423.39 314.61
000775 0.652 67.46 278.97 467.08 465
000873 0.386 98.58 33.56 335 465.96
000894 0.104 94.59 65.32 287.91 356.92
000979 0.241 97.72 254.62 207.97 388.95
001031 0.407 67.83 158.6 299.12 438.6
001134 0.369 104.55 96.24 213.3 247.44
001134 0.25 163.34 182.09 311.84 275.09
001157 0.623 13.14 11.14 412.12 260.74
001253 0.455 62.4 182.21 280.4 309.93
001264 0.984 95.08 26.29 480.64 336.37
001285 0.741 198.92 146.38 460.54 300.73
001285 0.018 72.13 124.36 246.54 242.66
001296 0.393 89.14 105.48 438.58 319.85
001301 0.637 23.75 40.85 405.25 375
001357 0.236 341.85 227.6 500 375
001446 0.65 104.82 225.3 311.92 400.87
001447 0.464 144.74 111.3 395.84 298.51
001476 0.035 206.81 139.43 325.85 274.73
001476 0.914 89.89 117.88 133.76 148.18
001476 0.962 124.47 109.62 136.35 131.67
001476 0.997 135.04 109.24 153.76 138.36
001476 0.327 154.2 111.69 169.18 145.68
001476 0.803 165.96 113.67 183.25 137.33
001476 0.08 307.18 117.76 332.38 148.56
001476 0.308 382.32 126.7 413.82 143.99
001502 0.899 107.12 138.0 389.92 385.5
001516 0.577 0 63.61 442.05 349.69
001619 0.895 22.67 19.03 232.62 248.98
001658 0.618 302.62 39.66 388.12 98.37
001679 0.174 25.34 247.72 393 500
001709 0.846 0 68.33 419.22 333
001737 0.546 9.4 49.75 454.0 337.75
001744 0.322 140.7 21.38 322.12 137.77
001796 0.293 62.63 90.47 415.71 247.97
001798 0.371 0 42.32 402.3 282.89
001798 0.161 0 0 267.97 206.91
001798 0.675 265.21 2.02 435.41 121.4
001798 0.754 176.87 0 298.13 75.53
001889 0.695 45.46 151.11 145.45 286.35
001889 0.674 214.99 85.39 342.04 318.35
001889 0.706 343.71 124.64 421.71 268.02
001916 0.108 96.5 106.16 152.68 192.65
001916 0.704 119.62 113.66 210.78 209.69
001916 0.025 391.36 101.58 465.76 189.93
001916 0.808 292.65 111.88 380.52 210.88
001916 0.157 257.51 96.77 323.03 183.89
001998 0.247 60.09 131.1 352.21 278.1
002105 0.317 147.82 99.6 390.58 294.0
002130 0.875 51.12 88.41 401.01 331.29
002185 0.681 186.59 117.38 500 331
002185 0.86 19.24 103.32 264.94 280.48
002185 0.07 125.92 55.41 161.56 113.09
002185 0.074 106.35 50.51 132.85 105.59
002185 0.165 64.08 53.04 107.79 107.64
002185 0.425 5.32 56.51 67.12 102.11
002185 0.589 291.46 68.08 351.05 130.08
002242 0.097 391.35 144.07 418.1 163.83
002379 0.43 50.98 23.39 459.08 300.94
002379 0.233 90.58 138.76 402.97 326.71
002488 0.329 0 244.08 375 500
002495 0.09 0 0 500 358
002507 0.567 470.52 84.41 496.65 157.39
002507 0.635 0 0 500 333
002568 0.485 84.46 19.3 417.1 332
002568 0.131 0 100.32 74.88 233.44
002592 0.088 0 109.28 241.92 313.26
002602 0.015 180.14 75.51 386.22 321.68
002612 0.541 232.25 36.63 455.99 375
002612 0.585 0 30.02 266.91 375
002686 0.943 121.75 187.26 349.11 375
002739 0.614 342.65 46.34 392.65 75.17
002739 0.405 162.63 238.05 233.33 330.75
002793 0.213 185.47 144.56 263.31 245.68
002797 0.137 383.58 194.73 422.94 253.23
002806 0.821 220.6 121.07 500 289.37
002808 0.674 85.23 47.99 304.75 500
002823 0.076 77.73 224.78 404.34 375
002830 0.259 189.03 4.45 293.79 74.83
002830 0.764 350.94 0 419.62 115.9
002830 0.43 0 74.43 43.07 125.13
002830 0.951 40.07 105.05 324.65 285.53
002999 0.491 286.79 112.28 475.36 228.92
002999 0.569 29.51 190.41 132.32 253.59
002999 0.597 26.41 95.39 152.41 177.01
003305 0.071 147.76 296.45 211.84 471.09
003333 0.784 66.24 275.64 151.04 419.79
003333 0.746 195.07 98.5 314.06 386.7
003340 0.185 71.78 248.66 264.39 434.86
003342 0.016 340.01 200.26 406.04 239.78
003393 0.095 57.07 59.43 375 460.71
003495 0.97 164.74 236.34 217.06 289.14
003505 0.399 190.7 163.11 334.34 346.15
003538 0.508 251.05 0 500 242.82
003563 0.256 232.03 138.46 268.3 193.0
003563 0.214 165.36 154.69 184.91 193.45
003563 0.609 131.34 124.23 154.14 157.89
003578 0.145 66.2 100.97 348.74 387.81
003670 0.419 59.36 114.75 380.66 299.12
003677 0.51 49.65 120.95 500 447
003723 0.797 393.33 188.54 430.73 226.54
003730 0.294 87.84 0 183.84 333
003730 0.04 286.31 83.8 369.61 267.4
003810 0.839 111.56 131.88 236.66 334.81
003810 0.669 239.06 112.35 380.04 289.45
003833 0.064 130.96 282.54 284.32 331
003833 0.449 427.92 47.77 500 114.55
003833 0.095 89.63 54.75 177.9 126.03
003833 0.81 50.79 62.17 95.87 142.68
003833 0.869 104.37 58.8 173.53 128.76
003833 0.585 14.06 61.37 47.9 134.5
003833 0.459 1.44 66.44 22.44 136.4
003989 0.96 343.39 141.96 447.34 249.06
003989 0.895 127.08 165.46 237.24 225.94
003989 0.518 161.8 124.8 275.88 242.97
004070 0.421 248.03 112.09 449.0 307.79
004070 0.177 57.81 152.35 229.08 304.15
004151 0.131 12.53 0 214.77 500
004198 0.33 0 189.91 261.0 495.35
004213 0.779 87.7 118.07 479.1 359.63
004214 0.301 181.66 96.32 368.22 232.82
004243 0.538 0 161.27 106.05 284.55
004243 0.496 79.62 154.22 219.14 281.22
004243 0.286 181.03 162.41 266.47 250.61
004243 0.331 284.2 163.92 367.36 232.56
004243 0.172 311.5 128.39 411.41 231.79
004243 0.225 376.37 157.65 435.23 216.51
004243 0.084 452.44 135.92 495.56 187.86
004243 0.909 426.91 125.66 470.59 187.1
004305 0.602 286.26 287.3 334.2 371.78
004448 0.504 104.62 50.71 290.02 306.67
004448 0.974 236.63 63.82 388.43 261.7
004448 0.07 387.52 63.59 490.52 245.25
004475 0.823 47.05 125.98 339.65 490.33
004560 0.12 425.34 114.54 497.1 201.02
004568 0.358 193.73 0 500 261.45
004616 0.837 0 0 500 358.08
004641 0.104 103.8 93.15 487.8 375
004641 0.724 309.85 298.55 380.87 372.22
004650 0.537 183.2 120.02 474.65 375
004725 0.168 65.44 0 244.84 54.6
004725 0.756 43.57 31.24 500 339.7
004729 0.004 35.86 63.07 375.29 340.75
004738 0.655 145.2 301.82 307.44 432
004780 0.888 345.74 375.89 375 432.47
004800 0.797 1.59 39.24 274.07 193.26
004822 0.764 158.15 43.76 413.86 334.76
004833 0.813 0 0 371.7 366.52
004864 0.582 49.06 132.35 333 500
004870 0.921 103.07 59.59 399.0 362.53
004917 0.324 74.15 106.49 324.35 300.86
004942 0.204 246.43 117.48 425.03 301.08
005041 0.904 314.2 210.04 367.73 267.64
005041 0.646 32.55 282.63 282.25 372.72
005087 0.934 184.3 104.91 362.5 274.96
005133 0.787 310.58 267.76 483.74 375
005163 0.152 258.61 144.45 297.61 216.72
005166 0.9 4.3 54.64 97.0 163.84
005188 0.113 54.17 2.59 500 310.78
005197 0.092 0 167.95 189.75 334
005316 0.148 118.11 179.01 342.53 292.5
005316 0.092 306.86 171.63 448.26 240.99
005316 0.109 133.29 207.5 294.79 314.26
005332 0.782 337.58 122.09 371.9 185.95
005347 0.134 116.27 168.9 323.33 265.8
005347 0.337 283.8 162.88 331.5 241.08
005354 0.681 227.3 104.69 335.3 214.9
005354 0.088 0 84.15 223.51 366.69
005435 0.599 132.01 227.18 375 436.27
005468 0.143 56.58 76.06 489.78 457
005479 0.522 122.18 81.23 368.52 308.99
005492 0.381 175.21 21.52 333.21 318.32
005506 0.532 121.98 109.92 377.1 299.58
005506 0.209 96.4 11.29 168.18 75.93
005534 0.249 67.28 0.2 391.26 325.48
005553 0.181 39.85 114.48 320.91 441.48
005571 0.802 42.3 76.61 465.66 332.57
005595 0.846 0 0 500 413
005678 0.861 54.66 45.48 500 285.19
005707 0.051 430.9 179.56 500 244.93
005708 0.943 395.38 83.44 500 235.24
005724 0.175 34.24 220.41 282.18 490.89
005759 0.565 342.35 176.75 459.87 245.65
005759 0.73 218.41 185.19 306.41 247.14
005759 0.21 128.25 185.5 203.49 236.46
005759 0.27 49.64 182.0 115.98 235.0
005774 0.887 22.31 71.86 457.01 489
005787 0.57 24.8 162.22 347.12 480.12
005798 0.496 29.43 0 94.31 99.96
005798 0.836 172.37 51.19 272.01 154.74
005798 0.972 427.03 10.16 500 178.9
005798 0.944 244.99 48.54 366.97 170.58
005816 0.146 136.14 142.71 443.04 377.91
005931 0.303 297.11 246.37 390.17 309.61
006008 0.664 0 35.78 473.22 375
006059 0.681 0 278.96 235.29 470.12
006083 0.643 93.27 101.32 420.51 367.2
006119 0.835 90.73 137.58 209.54 285.04
006119 0.11 205.88 82.31 477.32 326.11
006193 0.939 5.56 196.55 244.96 352.61
006193 0.846 412.38 106.89 474.48 201.75
006193 0.287 190.1 144.22 366.64 292.12
006193 0.186 271.98 121.64 462.78 232.04
006200 0.053 61.17 275.93 254.08 362.33
006431 0.666 38.97 31.43 273.23 180.47
006469 0.577 170.89 203.44 271.17 277.92
006469 0.652 121.7 220.71 154.98 286.86
006469 0.735 76.06 229.45 119.74 281.65
006531 0.253 206.89 252.6 227.79 289.91
006561 0.98 88.45 84.22 471.63 321.88
006567 0.188 15.39 167.76 54.87 233.28
006567 0.691 254.63 175.32 420.27 284.52
006567 0.474 192.98 208.94 268.24 282.26
006567 0.499 56.59 175.43 92.63 232.16
006613 0.123 317.92 171.31 443.32 280.31
006796 0.935 142.84 91.21 388.14 318.91
006796 0.165 5.88 37.54 57.29 111.7
006796 0.035 27.48 8.22 78.48 53.82
006796 0.645 79.76 38.22 134.88 111.25
006796 0.973 130.45 35.49 169.69 118.95
006796 0.626 158.57 39.22 258.56 97.22
006796 0.923 323.78 46.19 341.29 103.76
006796 0.978 342.01 38.9 367.31 97.61
006796 0.518 363.18 45.58 398.7 101.02
006796 0.832 390.5 39.1 458.18 105.66
006796 0.43 448.08 38.71 471.08 97.29
006796 0.081 453.95 77.92 474.11 110.82
006817 0.62 399.27 82.81 457.02 111.02
006823 0.951 0 34.52 241.2 207.86
006920 0.831 0 261.38 294.4 323
006920 0.489 314.27 148.81 474.32 253.45
006920 0.931 218.2 113.63 326.2 198.99
006920 0.75 1.9 92.99 55.43 178.53
006921 0.832 99.91 150.19 256.36 311.69
006921 0.947 197.26 186.88 295.02 268.78
006921 0.491 211.66 223.04 277.78 347.54
006921 0.746 291.94 139.63 391.9 252.16
006951 0.224 129.78 112.62 468.9 286.38
007307 0.828 147.7 91.73 422.18 266.33
007338 0.562 261.86 99.86 492.16 338
007338 0.399 217.49 0 320.89 279.68
007338 0.957 184.37 28.44 254.29 103.32
007355 0.96 206.97 0 375 500
007368 0.27 16.97 166.48 231.17 293.55
007368 0.771 0 194.02 292.6 385.06
007368 0.349 24.14 291.16 349.04 500
007550 0.026 24.25 0 361.25 452.64
007553 0.864 140.19 20.77 379.23 304.01
007553 0.074 442.17 40.24 500 232.84
007593 0.36 68.04 159.66 426.32 429.93
007645 0.41 0 0 369.0 206.01
007645 0.065 320.1 209.26 456.42 371.32
007645 0.895 4.72 0 289.92 44.1
007783 0.083 317.22 0 500 375
007792 0.079 64.69 151.62 126.05 264.46
007792 0.585 119.61 136.09 138.93 166.12
007792 0.197 182.14 139.6 196.7 167.88
007848 0.834 258.73 341.95 467.28 353
007978 0.862 260.11 126.7 337.87 213.03
007983 0.429 0 125.59 301.04 462.64
008003 0.464 37.33 94.12 500 293.94
008021 0.554 0 0 198.9 500
008034 0.966 59.61 83.72 221.59 217.34
008034 0.716 192.87 204.38 307.47 331
008195 0.43 0 64.29 499.0 368.25
008227 0.954 348.48 145.82 472.68 326.14
008230 0.357 0 243.25 205.53 375
008230 0.775 0 168.96 71.02 255.44
008242 0.5 0 9.13 416.16 374.33
008273 0.323 59.23 318.96 375 500
008324 0.816 222.62 216.99 314.69 279.82
008324 0.627 272.4 201.11 341.76 252.98
008455 0.474 54.54 234.47 243.48 407.45
008579 0.736 312.57 203.78 477.28 292.13
008579 0.975 0 160.89 251.16 325.71
008597 0.854 154.73 120.54 500 311.58
008619 0.786 32.02 17.7 411.02 290.7
008623 0.194 40.7 189.04 278.86 322.99
008648 0.704 12.5 224.3 109.51 322.31
008689 0.265 67.99 63.9 343.41 261.86
008689 0.548 406.88 21.85 500 97.77
008689 0.7 4.95 36.49 102.79 132.61
008694 0.35 175.24 153.66 232.84 197.82
008761 0.096 76.1 112.59 118.88 162.64
008824 0.381 0 130.81 82.68 293.53
008828 0.479 178.85 88.24 193.41 106.84
008828 0.382 182.51 328.85 240.81 438.03
008845 0.963 64.42 101.69 435.22 365.31
008852 0.925 500 210.77 500 375
008868 0.785 309.83 189.27 432.95 316.95
008877 0.056 41.46 0 327.22 483.79
008901 0.803 66.85 233.44 309.61 375
008952 0.389 284.59 125.37 352.04 232.32
008994 0.408 282.92 124.95 500 281.09
008994 0.422 0 290.4 68.9 375
009008 0.492 15.39 76.62 421.47 288.12
009041 0.255 109.53 108.86 358.79 276.26
009044 0.306 66.8 21.13 500 302.35
009047 0.978 38.68 58.86 379.02 332
009050 0.264 46.52 29.53 455.57 310.72
009050 0.751 2.48 0 134.48 156.24
009065 0.328 0 86.52 483.36 299.7
009069 0.85 34.26 26.98 500 359.98
009084 0.157 18.03 100.54 464.79 375
009111 0.154 137.72 200.9 152.6 240.67
009139 0.959 96.98 50.3 406.68 375
009145 0.36 126.32 26.01 419.27 342.14
009145 0.727 24.24 108.99 132.24 291.69
009152 0.443 138.62 180.59 205.26 334
009229 0.337 311.72 136.05 479.12 281.25
009229 0.854 24.63 135.58 136.35 253.18
009277 0.288 43.14 139.42 251.14 336.32
009293 0.981 61.84 44.36 298 448
009302 0.091 0 116.15 81.9 187.0
009317 0.109 49.01 161.58 170.23 283.76
009322 0.332 294.13 237.31 345.01 320.97
009338 0.223 70.68 113.53 387.03 328.15
009361 0.104 90.67 138.58 303.19 264.84
009441 0.175 0 263.21 461.28 363.17
009495 0.728 344.52 65.88 500 327.78
009495 0.601 9.69 0 215.94 341.63
009495 0.883 35.56 82.75 214.06 345.44
009563 0.702 10.56 186.46 274.66 500
009563 0.607 284.01 217.19 328.73 307.29
009639 0.717 2.7 11.47 276.3 327.53
009657 0.703 31.43 114.92 289.04 348.23
009673 0.292 192.52 0 437.28 210.09
009674 0.589 92.5 157.18 332 500
009705 0.545 438.27 5.27 500 123.57
009705 0.755 435.49 100.82 500 192.73
009705 0.302 106.77 0 277.97 57.12
009705 0.086 31.52 64.97 402.32 248.06
009850 0.983 262.1 227.29 307.1 306.49
009850 0.951 69.0 139.51 261.0 410.95
009857 0.07 0 62.99 335 500
009890 0.948 67.34 79.09 373.1 270.16
009924 0.299 375 37.86 375 427.62
009960 0.395 38.26 157.27 318.58 331
