000006 0.801 186.24 126.76 273.64 224.13
000070 0.24 358.34 162.18 376.74 198.9
000070 0.12 309.08 156.17 358.58 196.49
000116 0.169 0 109.5 94.64 273.18
000116 0.673 195.74 92.5 284.14 197.44
000124 0.747 74.4 5.75 215.7 139.5
000149 0.807 349.58 0 500 375
000196 0.639 358.83 95.35 394.47 132.4
000234 0.323 62.33 235.0 132.63 315.75
000234 0.862 0 173.87 47.36 219.77
000234 0.424 2.43 47.28 227.07 220.74
000389 0.154 47.78 189.45 97.34 240.91
000389 0.391 14.85 239.45 209.33 417.45
000397 0.633 29.54 188.77 62.18 250.51
000397 0.518 39.77 214.92 77.93 290.76
000429 0.483 33.05 255.37 81.41 296.78
000429 0.737 465.29 209.82 498.27 263.58
000575 0.795 208.61 30.32 302.54 155.76
000575 0.786 0 7.01 94.34 89.81
000606 0.378 46.14 153.04 61.02 189.79
000650 0.803 127.73 0 450.12 375
000650 0.101 76.13 11.58 162.26 360.12
000692 0.432 137.15 10.84 328.91 108.49
000698 0.164 148.71 45.3 223.33 336.3
000698 0.444 208.82 185.63 309.8 331.43
000698 0.653 58.02 362.37 140.53 436.08
000737 0.971 444.76 75.43 500 226.23
000784 0.929 62.94 69.24 144.34 317.04
000788 0.609 34.92 165.65 108.84 320
000788 0.98 32.86 59.16 240 234.58
000840 0.066 338.79 79.68 387.75 134.88
000890 0.005 394.03 149.94 461.87 295.74
000890 0.855 357.9 250.35 412.4 300.03
000890 0.152 330.93 195.0 399.24 303.0
000933 0.909 0 450.33 291.2 500
000953 0.387 396.84 259.23 491.88 375
000953 0.225 222.46 105.8 266.16 139.28
000983 0.053 304.88 500 375 500
001023 0.654 45.99 272.92 112.32 344.32
001035 0.941 141.43 114.25 175.42 146.21
001070 0.673 92.91 6.16 184.71 94.51
001070 0.006 180.87 14.55 261.71 115.56
001070 0.154 265.13 7.74 340.18 125.16
001070 0.516 98.51 73.81 190.58 209.81
001070 0.043 282.74 117.9 392.98 176.14
001070 0.358 292.88 4.26 410.48 201.06
001070 0.454 366.79 51.12 456.89 174.88
001070 0.845 71.62 213.5 164.72 338.5
001070 0.122 149.84 211.96 288.75 330.41
001070 0.982 268.31 217.46 409.31 320.86
001070 0.572 369.89 216.66 480.09 331.8
001070 0.585 403.66 270.15 496.72 351.15
001070 0.68 107.74 320.49 221.82 392.27
001070 0.755 235.68 341.01 301.71 401
001141 0.387 218.06 24.24 243.28 43.5
001141 0.813 126.17 25.71 193.27 43.89
001180 0.272 176.55 277.51 266.64 429.1
001255 0.77 0 32.59 400.68 375
001255 0.02 280.76 35.2 500 375
001276 0.253 35.45 153.44 80.99 215.81
001380 0.168 400.73 191.38 499.67 287.42
001391 0.245 333.33 110.8 408.0 175.92
001391 0.681 363.38 11.59 413.67 77.39
001411 0.028 194.29 39.65 268.77 232.97
001437 0.174 6.03 67.77 47.44 240.75
001437 0.423 50.96 52.58 173.81 220.02
001437 0.191 0 267.26 49.14 333
001469 0.254 264.86 337.69 324.78 389.39
001469 0.402 307.69 189.23 362.47 330.21
001478 0.686 179.34 161.49 303.42 331
001540 0.593 202.77 230.05 276.93 297.37
001631 0.349 375 0 375 341.11
001648 0.355 358.44 245.56 408.91 333.76
001648 0.287 377.36 261.49 406.52 375
001648 0.147 396.7 8.24 492.7 275.01
001648 0.824 456.44 192.06 500 306.51
001652 0.421 233.21 170.06 375 333.68
001665 0.539 361.6 206.29 415.66 275.3
001666 0.925 379.58 170.97 423.68 242.73
001666 0.557 235.74 185.34 327.76 231.89
001666 0.466 47.04 255.06 154.95 309.66
001712 0.289 0 215.52 141.9 358.62
001715 0.51 312.11 204.02 351.47 278.54
001715 0.05 187.35 203.13 224.1 273.94
001779 0.669 398.05 0 500 239.36
001786 0.623 21.14 76.37 488.38 371.69
001811 0.145 0 171.88 39.0 245.88
001811 0.618 168.25 111.18 197.94 203.58
001811 0.421 195.35 166.79 223.69 190.97
001812 0.059 465.15 275.64 498.81 347.58
001812 0.567 426.43 264.46 462.91 298.66
001812 0.459 275.32 243.9 366.46 364.74
001812 0.743 8.96 289.97 66.29 329.65
001867 0.075 85.86 189.56 105.3 205.72
001867 0.362 163.1 189.69 183.78 203.73
001867 0.137 250.39 195.08 268.92 207.95
001867 0.224 342.25 200.79 360 216.26
001869 0.408 239.8 77.37 500 325.27
001880 0.802 0.64 0 184.46 373.32
001880 0.404 203.66 0 397.49 375
001880 0.274 262.79 330.82 488.29 375
001905 0.342 13.88 36.48 163.34 248.52
001905 0.226 138.27 119.86 187.95 187.06
001905 0.494 219.03 96.8 260.61 168.83
002018 0.134 9.24 11.82 51.64 57.28
002018 0.326 101.96 2.71 139.06 35.03
002026 0.008 363.93 145.03 398.25 202.78
002035 0.302 267.4 65.47 411.6 199.03
002035 0.698 87.01 100.74 122.89 161.34
002035 0.438 9.86 0 90.86 124.45
002035 0.67 129.53 101.06 184.65 145.35
002035 0.484 142.78 33.86 181.63 109.76
002074 0.032 276.98 156.95 426.74 307.91
002123 0.407 347.09 260.02 370.13 312.4
002123 0.783 95.58 255.61 168.38 292.27
002123 0.451 25.25 25.8 55.49 236.4
002123 0.944 273.96 142.13 311.76 177.05
002161 0.201 0 167.94 48.36 337.89
002240 0.259 317.45 4.07 367.45 48.59
002297 0.125 266.62 93.09 296.05 122.85
002339 0.304 230.79 161.45 346.35 257.4
002381 0.424 207.64 334.01 272.61 390.74
002414 0.312 10.02 223.01 53.45 289.96
002422 0.67 24.04 0 290.47 496.92
002451 0.833 189.25 257.65 291.55 373.48
002451 0.194 4.66 141.01 43.14 351.91
002451 0.552 32.75 259.08 167.75 375
002482 0.084 55.12 360.4 140.72 455.34
002489 0.461 0 191.54 160.65 288
002510 0.121 142.13 0.24 172.82 98.25
002527 0.332 20.34 43.68 375 500
002557 0.563 418.07 71.49 463.52 157.89
002557 0.426 279.9 67.58 342.73 117.88
002557 0.376 333.28 50.36 408.48 120.04
002557 0.028 198.28 0 262.62 109.18
002557 0.386 120.07 14.1 207.49 136.2
002557 0.072 99.08 84.98 144.16 123.14
002557 0.108 64.32 118.41 117.92 165.21
002557 0.776 43.36 3.69 105.0 76.14
002557 0.33 19.13 139.74 91.59 232.56
002557 0.375 169.72 177.26 222.51 231.85
002557 0.715 108.01 179.3 140.84 224.66
002557 0.072 108.69 195.4 167.4 243.4
002557 0.803 224.28 183.7 291.69 233.7
002557 0.886 282.3 146.88 355.06 213.62
002557 0.589 333.5 171.61 393.95 265.77
002604 0.761 350.3 0 485.3 250.8
002708 0.939 248.17 70.38 348.61 205.38
002743 0.319 360.65 116.72 415.22 219.19
002743 0.405 132.74 0 430.94 212.16
002743 0.134 122.0 102.9 269.34 242.22
002743 0.223 15.08 86.74 189.49 226.82
002753 0.639 249.27 158.31 317.27 255.51
002777 0.597 331.34 110.34 460.94 217.4
002887 0.478 352.47 243.73 389.84 272.8
002925 0.422 13.82 230.5 72.97 339.69
002925 0.994 435.68 180.99 500 325.52
002945 0.802 325.42 0 393.04 47.38
003014 0.582 59.39 127.66 83.05 148.87
003014 0.715 141.32 119.12 169.67 143.12
003014 0.821 205.12 110.46 241.16 139.35
003014 0.677 297.32 104.38 329.56 133.18
003014 0.262 385.46 104.77 415.91 129.25
003020 0.331 395.21 214.92 418.22 244.92
003020 0.382 416.37 273.41 453.47 325.11
003029 0.894 262.04 15.23 319.67 185.27
003060 0.494 87.58 44.01 459.82 333
003062 0.664 184.41 24.13 500 363.13
003062 0.204 308.4 6.22 498.7 161.07
003062 0.992 0 5.35 219.22 191.53
003113 0.393 300.75 2.96 500 201.51
003113 0.321 303.19 14.82 337.84 62.34
003192 0.536 9.72 15.81 245.97 258.33
003192 0.799 226.6 50.14 472.36 273.34
003221 0.748 298.47 270.63 354.65 317.63
003221 0.263 212.96 227.96 230.25 250.04
003221 0.455 194.0 227.95 214.2 251.7
003221 0.579 263.97 226.4 280.8 249.15
003221 0.108 241.6 220.77 261.0 248.37
003281 0.144 0 86.19 24.32 158.71
003281 0.33 16.81 117.44 72.46 196.56
003281 0.193 34.44 164.84 76.84 222.8
003281 0.233 179.4 284.71 206.4 360.31
003281 0.371 192.93 284.33 218.93 356.69
003281 0.692 209.54 241.1 234.11 401.15
003281 0.167 236.84 244.78 246.74 414.18
003281 0.965 244.48 243.26 259.74 386.37
003281 0.44 257.47 212.36 275.49 355.24
003281 0.439 178.27 357.66 205.81 408.01
003281 0.315 178.55 221.44 215.99 264.89
003297 0.755 103.34 110.94 254.66 284.74
003323 0.597 412.56 73.41 479.16 135.81
003442 0.539 116.97 1.75 149.95 76.55
003442 0.588 427.76 219.21 500 333
003448 0.978 271.43 310.28 307.7 342.68
003448 0.46 248.6 279.95 287.8 328.45
003448 0.579 280.56 209.97 324.24 342.65
003448 0.151 458.3 291.81 480 330.69
003448 0.694 466.29 226.81 480 266.71
003448 0.409 463.69 169.61 480 206.33
003448 0.594 447.29 129.79 467.09 151.62
003448 0.5 454.8 49.14 478.05 96.52
003448 0.862 464.7 24.52 480 61.72
003448 0.026 290.76 168.47 371.76 254.58
003448 0.645 233.65 45.16 291.61 232.01
003448 0.97 191.13 209.48 225.69 236.74
003448 0.408 162.99 179.66 205.89 230.62
003448 0.937 74.44 80.86 205.0 170.62
003448 0.118 4.02 157.47 35.34 216.69
003448 0.241 0 240.21 9.9 268.02
003448 0.575 3.1 203.0 29.1 244.85
003488 0.705 1.03 269.35 16.55 321.82
003488 0.396 45.05 233.27 113.05 268.78
003488 0.579 93.02 197.32 135.25 242.86
003488 0.619 130.21 200.26 198.88 242.26
003488 0.298 228.27 122.01 267.22 180.31
003488 0.131 273.94 82.31 328.09 136.59
003572 0.011 64.5 0 263.89 230.84
003572 0.437 1.19 234.52 145.04 374.36
003572 0.341 6.54 52.35 217.65 279.87
003591 0.335 278.48 97.32 323.28 181
003624 0.454 257.46 182.44 310.99 215.72
003626 0.327 0 85.2 256.23 282.0
003626 0.117 14.59 49.45 214.23 204.55
003626 0.244 83.2 309.56 233.6 480.64
003649 0.957 106.8 92.35 136.4 159.55
003665 0.567 379.55 98.26 409.91 144.16
003676 0.678 133.48 127.03 208.69 271.6
003676 0.834 118.07 144.89 149.42 189.58
003756 0.876 56.67 9.94 420 411.06
003761 0.221 298.05 142.25 362.69 211.37
003778 0.053 60.64 65.41 223.32 262.7
003778 0.883 340.79 259.79 476.51 472.75
003778 0.421 431.93 36.61 500 276.31
003787 0.81 198.56 171.69 298.66 269.54
003787 0.023 422.11 244.99 481.85 329
003787 0.165 301.45 28.65 500 220.35
003787 0.393 4.96 17.08 183.44 295.8
003882 0.775 61.57 88.33 164.39 161.77
003882 0.266 125.77 99.95 203.54 170.35
003882 0.238 163.28 72.46 280.24 131.71
003882 0.366 183.07 97.75 290.76 162.85
003882 0.364 320.91 103.2 404.21 222.27
003882 0.394 366.88 143.82 478.24 312.12
003882 0.125 18.16 146.95 99.78 257.04
003882 0.939 56.3 145.24 146.4 261.72
003882 0.532 114.52 161.35 204.52 275.59
003882 0.693 83.96 142.19 141.38 253.58
003882 0.325 228.54 158.1 336.34 302.1
003882 0.227 298.4 177.47 423.64 333
003934 0.784 142.51 249.14 257.83 370.94
003943 0.291 223.36 133.08 301.76 181.68
003943 0.991 38.89 114.93 145.81 153.99
004027 0.57 214.68 217.22 284.22 257.42
004027 0.141 170.09 27.68 322.0 437.0
004027 0.057 0 94.93 226.63 355.06
004027 0.747 75.42 269.7 184.67 456.91
004027 0.021 12.44 222.73 147.74 417.61
004027 0.512 77.46 368.32 140.02 458.57
004027 0.256 53.56 359.66 100.6 444.19
004027 0.35 0 375.03 50.22 482.13
004038 0.149 137.82 198.46 223.36 286.86
004038 0.695 270.49 175.62 305.49 271.41
004038 0.879 168.93 17.88 228.96 155.52
004038 0.154 270.64 104.69 313.28 157.7
004038 0.507 294.7 10.77 341.62 147.01
004045 0.156 419.58 0 468.18 115.6
004081 0.051 268.66 86.95 500 367.11
004116 0.397 0 14.62 91.18 284.28
004124 0.363 0 10.97 454.57 375
004124 0.05 25.8 41.28 285.22 365.64
004155 0.946 0 0 109.44 241.6
004159 0.409 0 94.53 179.54 379.53
004173 0.087 10.89 46.75 259.29 356
004211 0.189 76.03 372.92 215.08 489.07
004222 0.84 74.16 169.32 147.66 255.64
004276 0.357 10.24 96.7 31.49 140.66
004276 0.797 8.15 77.12 24.98 108.62
004311 0.281 268.57 89.32 353.67 184.09
004422 0.329 353.83 99.44 455.48 198.02
004422 0.151 331.56 143.54 430.92 219.0
004422 0.643 279.64 143.54 328.52 218.87
004422 0.369 285.03 111.49 335.43 195.32
004451 0.966 13.84 240.93 211.84 356.55
004451 0.346 46.31 170.38 186.72 253.18
004451 0.374 150.28 234.19 236.13 361.19
004451 0.898 388.83 121.61 403.55 137.61
004451 0.503 400.8 121.89 414.71 135.69
004451 0.715 418.13 123.72 432.41 138.42
004451 0.558 432.03 120.38 444.39 137.5
004451 0.788 415.46 117.34 430.76 131.29
004451 0.431 388.12 113.88 400.12 122.34
004451 0.863 402.27 116.17 416.55 122.29
004486 0.688 219.2 114.61 273.14 219.26
004486 0.931 149.75 171.16 230.0 255.69
004486 0.968 87.45 97.6 134.37 156.6
004486 0.126 152.22 114.87 219.72 170.31
004712 0.269 411.73 53.93 500 275.42
004778 0.033 9.23 0 193.6 321.0
004780 0.615 105.83 391.06 139.49 443.14
004780 0.879 41.27 383.46 70.07 423.45
004780 0.074 96.76 186.16 114.94 207.56
004780 0.35 104.34 178.94 116.56 193.0
004780 0.864 137.03 166.96 155.75 186.91
004780 0.844 94.52 291.79 113.92 304.14
004780 0.343 116.28 257.36 126.88 275.42
004780 0.583 214.54 195.94 266.38 293.79
004780 0.558 185.79 111.38 216.59 152.23
004858 0.478 405.34 4.92 500 161.93
004862 0.28 233.82 367.59 262.66 395.67
004862 0.399 221.88 295.5 280.68 326.86
004893 0.548 243.38 126.52 306.08 186.11
004941 0.775 67.19 17.46 343.64 426.8
005088 0.823 319.6 52.12 391.85 187.36
005088 0.399 303.38 96.09 383.74 178.77
005088 0.239 40.09 188.68 133.01 295.6
005088 0.825 127.48 193.05 210.13 305.25
005092 0.669 98.46 1.54 308.34 153.54
005092 0.244 292.06 0 391.57 181.65
005092 0.077 380.36 66.99 495.9 172.03
005092 0.41 499.37 0 500 71.25
005092 0.02 362.63 7.03 432.83 68.67
005174 0.072 91.25 0 241.73 162.18
005180 0.139 94.34 291.08 186.5 428.88
005180 0.373 79.41 244.41 132.96 314.79
005180 0.997 21.57 242.03 91.41 316.55
005180 0.467 2.69 219.3 26.89 282.74
005184 0.855 362.77 171.45 411.53 254.26
005196 0.397 201.8 0 331.08 113.3
005266 0.668 427.14 30.66 455.85 68.77
005266 0.129 454.58 40.48 475.78 66.72
005284 0.779 313.08 29.06 478.95 373.04
005284 0.76 125.99 198.43 298.89 374
005284 0.719 7.62 69.5 158.94 371.49
005284 0.117 158.05 45.2 335.72 247.94
005494 0.958 53.45 165.7 133.24 319.15
005525 0.708 158.08 1.27 459.29 335.89
005556 0.757 0 0 81.81 309.12
005567 0.027 161.11 83.43 246.26 297.75
005567 0.684 155.22 147.11 287.76 222.77
005567 0.025 4.84 15.29 92.04 164.62
005650 0.642 205.12 0 409.92 291.92
005661 0.027 290.51 129.69 304.23 200.31
005661 0.448 150.56 152.25 189.62 183.6
005673 0.577 24.37 101.14 125.31 189.5
005673 0.866 33.88 207.74 138.92 295.1
005673 0.055 139.47 110.91 231.62 207.51
005673 0.841 140.63 197.48 238.6 289.63
005673 0.482 238.4 93.1 326.75 186.16
005673 0.469 241.67 203.53 336.73 298.53
005673 0.899 361.6 98.08 453.27 191.81
005673 0.492 371.19 206.81 464.01 304.71
005673 0.348 456.19 109.63 499.03 197.92
005673 0.8 460.26 196.82 500 266.38
005703 0.717 9.93 153.4 139.64 317.33
005754 0.242 215.49 232.76 228.45 298.98
005804 0.66 395.02 31.05 500 352
005804 0.063 0 86.79 50.4 174.51
005804 0.941 132.88 96.95 178.78 174.85
005804 0.828 59.28 132.79 79.48 177.34
005857 0.319 175.29 128.1 267.41 280.2
005857 0.02 94.63 258.36 145.36 377.04
005866 0.591 352.45 215.58 366.32 232.86
005866 0.865 369.91 188.72 395.91 215.12
005866 0.283 385.24 180.1 416.55 264.58
005866 0.674 464.1 247.38 494.79 284.28
005866 0.996 154.03 125.85 249.43 287.56
005922 0.03 65.34 250.98 189.57 363.22
005922 0.524 223.17 246.2 347.07 346.2
005922 0.561 0 257.13 65.32 348.21
005926 0.253 259.48 206.53 308.44 259.33
005937 0.135 331.44 7.85 409.14 100.77
005941 0.605 379.74 135.71 436.16 223.11
005943 0.07 317.19 3.61 443.55 194.61
005976 0.063 126.72 175.1 194.97 308.75
006022 0.159 168.18 0 370.53 500
006022 0.916 0 0 209.95 346.5
006049 0.172 200.56 239.36 358.96 493.88
006049 0.437 162.85 204.29 221.89 263.19
006049 0.864 14.35 193.85 46.27 233.63
006049 0.231 88.26 348.4 159.54 435.07
006083 0.393 388.32 80.89 447.72 206.85
006115 0.789 16.22 34.79 200.46 223.28
006231 0.635 36.65 151.06 359.21 500
006297 0.88 176.18 100.29 223.08 156.73
006303 0.132 366.85 5.58 500 344.14
006307 0.574 207.55 24.13 233.8 57.79
006311 0.26 179.38 87.27 264.88 224.68
006311 0.487 192.72 172.64 324.44 252
006359 0.897 89.28 144.46 194.32 226.3
006426 0.249 239.18 34.15 321.08 132.43
006496 0.163 64.71 220.5 96.64 275.38
006496 0.552 78.41 179.13 107.24 277.23
006496 0.37 86.94 315.54 168.84 427.28
006496 0.785 32.65 0 353.29 500
006504 0.531 124.91 8.09 174.89 110.81
006646 0.386 121.55 251.53 154.31 358.48
006691 0.964 292.83 95.81 448.26 278.09
006691 0.478 66.69 56.4 287.17 341.98
006700 0.412 103.45 295.79 358.89 375
006712 0.066 63.0 6.22 318.0 404.2
006750 0.267 175.25 18.86 195.05 92.98
006750 0.706 164.79 34.95 196.89 88.05
006776 0.713 176.5 284.38 335.75 375
006776 0.602 366.53 58.29 470.41 238.05
006792 0.561 70.3 7.93 122.14 102.44
006795 0.794 28.42 125.37 176.82 258.35
006798 0.066 7.58 297.41 105.34 500
006807 0.285 1.0 0 500 375
006816 0.69 127.6 21.77 224.62 307.35
006843 0.418 270.23 187.79 307.13 244.47
006843 0.718 192.69 185.89 234.09 241.51
006861 0.965 268.42 185.77 327.64 267.37
006861 0.152 178.58 159.25 281.3 289.54
006902 0.424 382.57 0 474.09 88.16
006937 0.842 116.7 131.88 203.56 282.58
006964 0.327 6.98 24.19 87.06 375
007012 0.66 352.02 13.67 397.38 126.89
007057 0.6 125.3 181.89 168.54 220.05
007106 0.684 338.27 3.49 453.22 240.04
007106 0.519 495.54 54.02 500 196.62
007106 0.36 220.29 115.37 268.52 186.41
007106 0.418 7.79 0 104.44 220.0
007106 0.746 123.74 4.11 284.33 272.96
007164 0.293 164.72 258.41 173.18 289.15
007164 0.972 149.47 257.74 157.75 276.74
007237 0.469 300.16 0 351.12 49.0
007248 0.324 30.96 145.6 325.94 475.02
007272 0.109 7.02 44.95 489.18 375
007319 0.362 76.02 51.66 300.08 498.56
007332 0.556 62.84 110.56 146.54 194.22
007335 0.699 75.31 174.28 131.41 243.28
007335 0.339 167.12 79.89 195.12 129.81
007335 0.217 76.67 145.85 100.17 172.25
007335 0.015 166.22 135.63 187.01 170.04
007364 0.421 82.58 86.77 185.39 211.07
007406 0.826 120.45 303.46 145.95 349.87
007406 0.413 92.16 300.02 121.26 350.37
007406 0.318 74.42 322.39 91.06 353.19
007406 0.153 91.67 336.1 138.11 370.32
007473 0.168 34.66 118.03 397.99 411.59
007499 0.619 59.0 113.83 282.72 365.58
007499 0.478 165.66 0 447.5 357.76
007549 0.486 307.56 8.0 383.16 168.59
007549 0.422 365.6 13.76 500 238.8
007549 0.132 67.31 0 190.91 187.85
007643 0.176 39.35 32.19 334.33 425.58
007643 0.683 0 40.83 123.0 305.43
007644 0.936 270.84 47.62 361.98 119.7
007644 0.187 0 81.58 29.64 131.11
007644 0.498 27.97 47.68 57.13 91.55
007644 0.341 75.96 37.97 127.66 198.19
007644 0.302 77.62 142.56 144.58 236.01
007644 0.927 78.0 133.23 210.98 231.67
007644 0.53 0 69.18 57.77 244.68
007644 0.28 5.42 346.68 45.98 360
007644 0.846 40.85 273.31 71.19 305.95
007644 0.58 39.4 220.71 134.4 357.45
007644 0.448 182.09 108.32 357.24 253.52
007644 0.122 357.68 198.78 396.37 286.1
007644 0.831 312.5 120.84 348.14 200.15
007644 0.55 265.95 93.94 310.4 138.31
007644 0.811 205.05 172.69 237.71 212.29
007644 0.0 384.62 184.37 417.26 224.93
007644 0.925 412.57 189.78 435.32 223.45
007644 0.064 432.59 184.07 464.59 223.43
007644 0.059 409.0 132.02 457.96 197.98
007722 0.112 86.15 101.0 129.85 140.2
007752 0.035 5.4 18.93 58.9 74.37
007839 0.378 284.52 7.29 336.22 75.14
007839 0.225 98.66 36.16 141.41 98.16
007839 0.812 0 103.51 33.66 203.15
007913 0.365 224.97 44.2 500 375
008010 0.429 312.78 78.32 399.3 301.7
008010 0.567 420.15 48.6 500 184.72
008010 0.754 84.56 124.74 118.97 238.82
008010 0.695 0.86 75.59 34.34 271.4
008039 0.052 121.49 175.38 178.73 257.08
008039 0.594 320.67 223.3 340.81 260.75
008039 0.059 226.63 197.12 298.32 254.78
008071 0.775 15.94 14.95 181.94 473.11
008155 0.679 332.85 182.19 366.8 224.42
008156 0.406 228.96 24.61 250.41 214.93
008156 0.036 64.52 90.71 158.45 305.54
008162 0.129 288.16 184.1 364.81 229.7
008167 0.296 96.16 117.64 181.76 254.44
008185 0.787 123.53 381.23 333 500
008196 0.824 390.29 115.46 500 222.41
008206 0.1 100.69 22.91 280.13 206.73
008207 0.911 362.08 229.09 495.56 398.49
008239 0.145 0 0 279.04 57.78
008245 0.749 293.3 92.27 325.31 155.27
008271 0.858 208.48 140.0 271.02 308.35
008271 0.872 135.42 205.05 153.95 251.05
008271 0.565 198.81 190.11 215.31 265.37
008380 0.444 434.47 60.37 496.11 232.41
008382 0.569 42.45 9.11 131.63 128.7
008389 0.427 431.14 6.61 497.06 95.86
008389 0.858 480.42 68.5 500 145.5
008389 0.91 348.38 107.4 474.52 233.88
008389 0.293 0 184.2 129.69 375.0
008389 0.483 6.45 0 275.95 234.6
008389 0.592 164.49 131.5 338.12 314.8
008389 0.974 267.62 31.03 368.12 114.33
008389 0.646 284.29 206.06 422.47 314.16
008389 0.964 193.78 314.58 363.66 371.42
008457 0.179 60.57 50.56 172.93 181.6
008457 0.352 103.08 142.8 166.82 221.8
008457 0.294 110.63 231.49 181.35 287.59
008457 0.246 77.1 372.77 102.1 423.77
008457 0.815 98.7 284.44 142.7 356.44
008457 0.235 38.7 405.32 88.2 477.32
008458 0.923 351.53 25.84 444.53 130.7
008471 0.109 333.82 6.71 381.66 88.19
008547 0.263 327.74 173.33 450 314.13
008547 0.507 226.85 78.31 362.48 307.99
008547 0.848 142.23 63.02 253.53 314.48
008547 0.257 18.11 146.16 94.47 237.34
008570 0.247 0 128.66 282.6 488.13
008599 0.096 1.62 167.03 24.62 218.18
008599 0.31 0 140.05 32.96 183.51
008599 0.657 58.44 92.7 98.22 142.7
008626 0.417 450.98 122.34 500 223.14
008626 0.423 447.7 218.6 500 270.12
008626 0.693 469.31 229.49 500 297.57
008661 0.722 2.65 158.02 47.59 219.22
008661 0.518 163.5 167.41 199.2 231.76
008661 0.437 289.4 164.42 316.7 222.02
008754 0.594 329.04 163.06 354.24 300.7
008754 0.772 293.81 163.29 338.43 317.85
008754 0.157 230.36 164.69 268.36 329.93
008754 0.229 100.97 168.06 138.37 203.02
008821 0.394 177.72 52.23 256.76 256.98
008821 0.558 229.5 204.42 306.0 269.1
008846 0.541 448.64 0 500 164.0
008850 0.895 262.07 11.08 396.23 152.83
008850 0.932 176.07 33.52 327.03 247.36
008850 0.313 0 67.05 147.05 316.25
008850 0.684 67.09 225.62 137.02 312.07
008904 0.204 75.52 105.9 316.72 429.04
008937 0.791 79.14 16.6 294.39 315.4
008937 0.769 369.0 9.96 500 318.72
008937 0.648 0 30.54 54.28 332.3
008947 0.513 263.9 132.33 338.52 238.53
009172 0.912 0.7 189.81 41.4 283.54
009172 0.934 0 38.13 191.36 310.55
009172 0.545 72.47 244.83 218.53 306.33
009172 0.913 169.66 34.71 314.11 227.31
009172 0.905 305.76 8.52 345.8 203.71
009172 0.47 272.32 105.99 418.62 265.13
009172 0.984 346.76 287.9 395.36 375
009172 0.222 353.16 223.04 427.42 321.49
009172 0.206 388.49 146.3 487.07 345.02
009261 0.447 86.77 176.21 217.9 355.7
009313 0.021 0 358.96 40.48 422.47
009367 0.808 347.31 161.85 389.11 226.45
009416 0.057 0 0 500 375
009416 0.072 17.25 1.65 217.59 212.34
009462 0.488 96.47 275.96 249.42 461.96
009514 0.712 4.57 38.34 87.13 269.34
009514 0.401 250.2 67.4 328.6 171.4
009581 0.228 0 124.72 126.36 334
009581 0.464 116.21 195.27 213.65 242.8
009581 0.16 191.97 115.42 333.09 267.0
009581 0.033 336.81 111.77 500 264.28
009602 0.377 330.89 118.31 457.79 251.17
009602 0.303 179.66 38.04 348.58 177.27
009602 0.122 12.86 9.49 182.14 188.76
009602 0.91 110.09 112.26 216.31 250.5
009602 0.071 325.6 213.0 422.2 375
009602 0.349 284.78 253.73 399.98 372.77
009602 0.49 152.49 198.5 283.79 362.0
009602 0.616 22.38 203.1 134.88 329.14
009606 0.992 169.77 258.22 252.3 324.92
009606 0.091 55.15 176.67 106.39 214.3
009630 0.302 301.7 76.06 321.5 134.81
009630 0.206 333.2 102.26 365.44 139.7
009630 0.168 366.72 91.28 416.7 150.69
009741 0.47 94.41 244.22 135.02 332.14
009750 0.88 342.18 160.21 413.02 375
009750 0.94 210.05 219.77 262.49 361.07
009750 0.097 123.79 173.28 171.11 362.22
009750 0.409 16.04 154.47 50.24 327.72
009787 0.987 0 46.83 160.6 333
009787 0.847 204.54 123.54 259.66 197.66
009787 0.35 284.14 49.19 326.91 109.25
009787 0.621 104.45 0 198.8 91.8
009787 0.961 175.36 66.2 219.52 132.0
009854 0.368 440.44 28.82 495.15 123.46
009925 0.174 154.7 24.22 500 337.63
009928 0.761 131.0 87.41 209.72 246.17
009928 0.625 88.69 95.85 306.49 479.87
