000062 0.427 57.79 176.04 272.92 310.24
000175 0.789 0 61.73 460.98 222.89
000176 0.347 37.47 148.92 138.05 315.69
000176 0.22 182.06 155.3 291.82 284.66
000176 0.702 288.34 215.63 319 279.07
000176 0.38 9.21 210.94 95.07 287.24
000376 0.701 227.85 149.1 260.25 176.35
000451 0.085 39.3 22.88 462.45 333
000458 0.128 0 274.2 285.31 375
000458 0.023 178.04 1.39 297.64 36.73
000475 0.804 165.16 40.43 279.56 204.73
000475 0.503 0.47 99.94 25.43 154.22
000574 0.829 167.95 205.21 354.19 350.74
000574 0.788 241.18 292.3 314.68 339.8
000596 0.842 27.72 284.49 68.52 312.57
000596 0.208 118.49 293.22 135.05 313.36
000627 0.129 74.27 98.64 358.76 289.68
000779 0.309 196.96 101.84 309.28 286.84
000789 0.783 157.78 160.08 232.52 228.08
000789 0.781 233.92 182.66 331.92 255.92
000789 0.431 263.5 154.78 372.5 224.53
000789 0.616 343.92 115.95 379.26 146.95
000789 0.318 272.05 115.66 307.93 143.1
000875 0.946 278.13 172.18 305.69 205.66
000875 0.177 313.26 153.26 327.68 190.26
000884 0.284 0 105.34 355.0 334
000925 0.065 15.91 100.76 199.17 323.4
000925 0.492 297.83 100.67 450.34 317.27
000992 0.985 429.6 197.07 496.16 266.65
000992 0.668 363.95 201.77 447.41 280.49
000992 0.97 56.11 175.78 121.63 313.06
001271 0.456 293.43 53.78 347.43 129.02
001271 0.439 442.63 0.48 498.19 142.18
001271 0.785 6.61 41.55 494.53 375
001344 0.425 52.46 51.18 375.88 372.48
001416 0.405 224.41 76.4 411.62 186.98
001416 0.97 25.56 80.8 187.92 213.48
001416 0.333 7.48 110.15 121.48 244.57
001416 0.27 0 122.51 381.14 294.11
001416 0.013 333.69 22.0 482.79 98.0
001416 0.922 111.83 0 354.82 157.3
001477 0.302 188.93 99.02 429.97 316.23
001477 0.766 92.87 172.84 221.51 301.64
001477 0.979 0 174.8 85.5 289.04
001477 0.357 9.99 8.22 76.55 89.56
001625 0.447 133.62 223.67 265.29 287
001645 0.823 324.99 38.29 487.74 220.5
001671 0.578 166.7 164.15 208.1 217.15
001671 0.148 209.59 151.52 259.51 205.8
001671 0.417 219.35 365.88 293.06 474.0
001671 0.312 40.56 310.53 167.76 397.05
001852 0.903 78.88 117.6 224.48 297.6
001852 0.579 253.2 0 500 346.92
002033 0.469 0 72.05 237.01 181.27
002033 0.568 219.58 52.86 292.61 136.56
002033 0.988 251.39 93.14 416.17 317.54
002033 0.85 440.59 150.22 495.46 338
002121 0.423 142.11 87.34 251.01 249.98
002133 0.926 0 182.86 217.8 370.72
002133 0.124 106.62 252.51 372.25 375
002137 0.628 307.96 259.49 375 362.39
002137 0.561 214.28 253.49 305.36 315.8
002137 0.735 103.69 190.46 267.54 428.06
002137 0.925 214.02 280.35 298.57 408.15
002338 0.737 231.94 107.26 345.34 205.18
002338 0.095 179.59 122.2 252.91 202.56
002338 0.294 144.09 87.62 163.41 110.42
002338 0.048 206.78 103.53 249.08 134.43
002338 0.296 226.13 94.85 260.69 116.69
002338 0.759 423.48 81.91 448.96 106.87
002338 0.02 443.7 115.6 465.95 149.41
002802 0.182 76.88 268.57 328.04 500
002802 0.996 46.09 84.69 362.87 235.07
002802 0.329 37.35 150.36 360.69 364.6
002882 0.486 387.37 276.09 414.97 298.97
002882 0.267 371.94 277.11 385.1 294.55
002882 0.33 176.76 263.57 191.64 282.57
003025 0.94 216.5 251.07 446.9 375
003025 0.374 269.94 0 379.56 205.02
003025 0.882 10.07 160.27 246.51 337.65
003025 0.559 0 131.79 200.79 276.99
003050 0.347 129.11 163.66 267.54 227.31
003050 0.239 140.19 149.56 237.39 187.56
003050 0.65 172.61 65.0 187.57 81.92
003050 0.625 308.56 84.64 331.84 106.64
003050 0.5 465.04 96.94 493.54 116.74
003069 0.588 60.33 14.81 423.03 318.92
003087 0.06 187.11 94.38 372.33 375
003087 0.487 397.08 132.95 433.94 166.12
003087 0.443 371.27 143.12 400.43 164.74
003152 0.799 258.98 0 414.5 149.6
003152 0.347 430.13 0 500 314.6
003152 0.634 7.72 84.17 174.04 232.41
003190 0.988 90.03 15.7 274.24 173.64
003190 0.977 0 228.13 65.54 338.85
003190 0.616 0.0 37.84 98.0 262.38
003190 0.697 130.31 97.75 297.26 433.55
003241 0.508 114.81 117.97 500 317.79
003318 0.475 187.71 106.78 356.97 256.9
003366 0.97 389.4 176.44 434.2 199.62
003366 0.748 295.16 206.19 330.14 241.11
003366 0.551 183.34 205.11 216.64 244.25
003366 0.086 52.85 210.57 115.01 238.89
003471 0.167 138.9 52.94 226.02 145.34
003471 0.715 322.24 51.91 498.24 143.26
003471 0.365 218.78 95.69 466.46 333
003471 0.565 90.87 124.51 356.55 312.61
003471 0.867 25.44 100.52 243.84 159.92
003471 0.266 0 144.2 245.25 324.2
003471 0.697 52.82 67.8 137.06 103.5
003471 0.438 3.0 79.08 74.89 123.08
003471 0.66 229.63 55.47 447.99 150.7
003595 0.84 446.59 197.43 499.03 324.73
003595 0.029 383.78 224.65 450.98 339.85
003595 0.87 262.42 347.08 357.32 375
003595 0.966 238.24 202.39 340.84 339.13
003595 0.06 130.15 224.32 253.15 337.72
003595 0.317 141.34 227.94 233.13 364.29
003914 0.83 93.91 160.52 230.71 260.8
003914 0.563 145.45 154.71 278.32 235.05
003914 0.521 263.67 135.67 387.9 223.87
003914 0.524 337.08 110.71 408.69 170.56
003914 0.841 411.44 130.22 500 207.62
003914 0.35 426.84 87.02 489.15 141.9
003914 0.552 272.8 92.48 332.8 147.36
004072 0.498 310.36 199.42 400.56 247.42
004357 0.756 428.4 274.69 498.4 322.63
004357 0.128 268.67 284.5 359.57 334.56
004582 0.78 53.53 0 474.74 354.42
004582 0.11 26.7 7.8 304.1 321.52
004610 0.191 329.65 213.53 500 334
004610 0.51 121.26 53.08 264.71 162.16
004610 0.768 32.06 121.4 258.65 316.4
004617 0.762 149.05 181.58 242.17 259.68
004617 0.397 342.37 124.19 440.47 181.61
004617 0.958 329.0 206.84 379.47 247.69
004642 0.53 51.16 146.43 429.16 322.17
004646 0.453 161.72 184.43 226.82 274.91
004669 0.448 147.27 177.52 227.07 232.24
004669 0.559 232.07 189.62 312.17 238.13
004774 0.008 40.53 84.0 203.53 255.0
004827 0.877 102.02 280.02 280.71 434.18
004827 0.517 78.39 232.57 174.42 359.29
004827 0.067 273.36 331.05 307.26 423.77
004827 0.555 174.3 258.07 240.3 338.43
004827 0.131 41.78 271.53 76.88 315.23
004827 0.934 240.52 146.47 271.32 183.19
004827 0.353 95.05 172.42 122.86 203.16
004827 0.559 75.75 227.27 144.25 271.13
004827 0.459 10.4 251.4 39.8 302.9
004827 0.155 8.39 130.18 55.56 180.1
004827 0.6 91.25 139.74 122.05 170.74
004827 0.232 144.65 115.66 167.61 166.32
004827 0.141 192.77 132.08 215.43 160.08
004827 0.959 213.19 121.09 242.62 151.69
004827 0.449 63.12 126.14 99.0 158.54
004827 0.613 14.13 54.74 39.2 83.86
004827 0.012 16.16 38.14 38.38 61.9
004827 0.079 256.84 94.35 295.06 116.85
004827 0.21 187.69 59.07 208.9 78.07
004827 0.732 208.43 69.64 228.45 88.75
004827 0.808 235.98 74.19 256.22 95.09
004827 0.773 259.35 78.91 273.6 100.54
004827 0.171 211.47 53.14 230.03 62.26
004827 0.423 273.89 68.27 291.94 90.83
004827 0.209 317.68 64.96 334.0 84.98
004827 0.217 308.16 206.6 334 248.4
004854 0.852 9.75 301.33 211.15 375
004854 0.324 270.02 226.28 361.18 269.88
004969 0.434 199.25 167.62 292.37 242.31
005137 0.202 156.52 28.14 199.95 60.78
005137 0.283 288.41 31.65 306.65 55.15
005147 0.559 375.94 97.57 410.24 124.58
005147 0.374 210.92 139.94 306.32 212.02
005147 0.136 104.44 131.45 185.24 192.21
005147 0.434 4.21 131.39 49.33 191.31
005147 0.477 201.46 128.59 258.46 173.67
005147 0.311 270.26 122.12 306.89 152.15
005147 0.897 492.0 146.76 500 170.41
005164 0.346 272.49 150.57 384.36 246.6
005164 0.195 172.13 91.41 227.0 125.08
005164 0.825 80.94 55.28 164.66 116.88
005324 0.16 343.2 196.81 472.48 369.81
005324 0.417 86.97 192.65 216.17 319.37
005324 0.675 150.59 179.85 226.19 263.78
005578 0.949 192.19 180.94 226.03 240.34
005578 0.105 120.77 123.17 222.89 257.12
005795 0.725 0 0 500 472.68
005886 0.016 75.86 253.43 195.04 369.91
005915 0.04 273.65 138.0 361.76 211.15
005915 0.762 287.38 82.52 462.38 153.92
005916 0.039 182.15 229.2 351.11 375
005916 0.401 42.27 166.11 134.18 267.05
005916 0.558 2.61 164.8 42.78 239.6
006217 0.909 235.9 201.0 333 326.19
006217 0.663 24.33 201.16 205.61 266.56
006217 0.103 158.04 291.08 265.16 447.64
006217 0.718 26.66 400.62 109.82 500
006217 0.43 30.03 235.87 232.98 314.83
006217 0.65 217.13 186.06 314.42 324.12
006217 0.434 12.26 234.65 87.52 358.91
006217 0.212 1.28 315.75 86.84 466.23
006491 0.068 183.99 0 244.71 53.4
006491 0.192 294.89 33.91 362.21 116.08
006557 0.775 170.75 167.29 250.65 336.81
006557 0.68 380.87 25.36 446.06 153.38
006815 0.629 121.16 77.9 297.62 227.5
006815 0.424 24.5 112.23 168.5 215.46
006815 0.131 33.49 100.49 214.99 219.53
006832 0.29 77.91 75.37 500 321.05
006837 0.907 204.46 209.31 249.05 240.62
006837 0.046 97.0 209.8 118.84 231.58
006837 0.92 25.87 195.95 66.15 238.09
007028 0.184 0 74.87 293.04 260.99
007028 0.999 241.9 89.08 328.76 147.79
007076 0.323 167.23 122.72 345.43 228.76
007402 0.275 122.29 14.06 393.99 375
007440 0.639 0 85.91 306.85 251.21
007440 0.518 332.91 110.08 495.66 236.76
007444 0.56 150.04 256.02 256.51 404.14
007462 0.439 177.18 120.05 282.48 336.19
007462 0.872 148.59 0 184.8 96.04
007534 0.455 191.4 133.88 427.78 342.88
007534 0.955 0 15.88 307.65 375
007596 0.218 0 143.97 97.98 212
007596 0.509 180.25 74.46 237.29 163.74
007596 0.53 174.01 51.45 265.03 190.16
007596 0.076 320.27 87.0 428.18 171.63
007894 0.653 277.65 134.28 338.07 194.23
007894 0.343 340.51 134.83 425.53 192.83
007894 0.723 276.4 205.68 476.49 356.68
007894 0.225 122.87 184.38 298.63 332.88
007894 0.62 16.93 141.75 96.11 243.12
007894 0.022 52.75 141.37 107.75 224.97
008187 0.56 286.47 44.96 464.13 242.96
008187 0.176 193.29 49.95 327.19 288.67
008187 0.159 0 96.39 210.1 311.22
008192 0.309 184.39 308.17 284.5 375
008192 0.692 427.15 153.51 498.91 326.91
008192 0.051 375.53 137.86 497.33 243.94
008192 0.306 60.23 102.46 102.37 153.46
008215 0.783 188.93 194.53 359.03 405
008215 0.443 156.38 143.34 285.08 344.34
008333 0.697 124.66 0 354.89 274.4
008334 0.047 131.72 154.4 299.12 199
008343 0.519 13.96 126.39 334 499.62
008344 0.563 341.05 202.54 405.65 261.69
008344 0.028 259.58 144.4 290.38 177.07
008344 0.228 196.72 124.53 230.92 168.21
008344 0.102 64.99 103.1 109.09 154.1
008344 0.745 0 103.8 35.15 144.46
008598 0.206 331.85 144.57 500 301.32
008598 0.677 381.43 130.85 500 187.56
008598 0.068 174.14 119.42 270.02 276.86
008598 0.692 116.82 124.63 212.37 270.89
008685 0.106 37.6 56.0 340.24 306.26
008795 0.185 67.22 64.71 442.07 293.19
008912 0.594 31.88 178.84 259.88 349.56
008912 0.159 339.17 183.5 405.17 233.56
008912 0.076 248.49 175.6 286.71 242.24
008912 0.229 279.96 176.68 323.96 233.41
008992 0.719 17.32 110.25 370.42 342.75
009031 0.566 235.34 103.0 279.36 151.16
009031 0.242 130.54 97.91 153.1 117.35
009031 0.185 409.21 73.93 421.43 85.09
009031 0.376 421.28 76.6 432.08 87.0
009169 0.437 145.24 143.56 212.19 191.92
009169 0.189 108.35 140.0 160.35 187.84
009169 0.498 135.82 132.4 189.88 151.0
009169 0.951 216.3 108.76 232.5 130.84
009169 0.559 82.47 162.46 118.17 197.77
009169 0.391 234.66 112.93 251.46 133.72
009169 0.227 248.6 111.7 262.18 134.7
009169 0.073 245.88 78.7 256.44 92.0
009169 0.311 266.11 73.15 274.3 83.38
009169 0.34 297.11 131.21 330.78 181.19
009169 0.407 326.32 131.26 344.82 192.46
009169 0.574 361.17 140.01 390.31 188.37
009169 0.911 385.29 128.26 399.46 163.54
009169 0.897 399.31 140.76 436.76 194.29
009169 0.521 377.7 153.72 392.65 192.97
009320 0.03 302.18 215.32 460.29 375
009320 0.776 434.9 332.17 500 375
009320 0.94 443.48 254.77 479.88 286.45
009320 0.197 185.2 281.07 260.8 354.99
009320 0.154 244.56 208.44 294.54 247.24
009451 0.092 199.85 150.09 412.28 370.51
009451 0.404 131.82 107.88 327.52 338.76
009451 0.725 128.54 52.9 197.18 102.39
009451 0.881 411.66 66.88 466.26 89.62
009451 0.397 4.41 67.59 38.61 131.29
009451 0.548 0.18 92.08 25.43 180.66
009451 0.621 468.0 52.83 498.8 70.17
009451 0.426 427.81 53.59 442.06 71.28
009451 0.322 481.05 102.95 500 125.45
009451 0.191 360.39 52.48 380.53 67.33
009451 0.964 315.76 58.13 343.36 69.79
009451 0.539 255.99 55.88 280.47 69.83
009451 0.214 4.32 46.66 39.63 69.76
009451 0.12 122.02 52.52 133.08 73.96
009451 0.665 116.96 59.67 134.6 85.83
009569 0.691 123.2 167.25 230.26 306.11
009818 0.686 345.41 189.06 366.5 218.81
009818 0.209 239.8 180.14 268.01 204.38
009818 0.137 67.17 203.88 92.67 228.62
009818 0.629 14.32 202.92 43.75 221.12
009861 0.115 367.32 154.98 500 320.85
009861 0.791 302.24 110.23 380.64 228.4
009861 0.693 68.77 178.46 210.31 375
009861 0.944 131.29 113.39 298.06 236.39
009861 0.668 195.65 102.53 276.65 139.43
