000003 0.953 157.87 159.36 238.83 184.16
000084 0.61 0 267.58 142.14 375
000097 0.603 72.2 167.01 288.44 281.34
000108 0.812 0 84.91 500 375
000116 0.382 37.86 186.79 322.44 361.89
000160 0.005 23.38 248.42 350.7 367.63
000181 0.185 193.46 1.87 341.96 123.91
000182 0.738 0 0 500 365.31
000205 0.304 24.87 209.06 375 490.28
000277 0.82 0 83.6 418.5 307.11
000299 0.624 0 125.97 154.96 234.06
000314 0.42 346.59 160.66 477.09 314.89
000384 0.434 160.84 40.52 454.84 286.96
000452 0.159 42.41 134.89 265.36 338.87
000490 0.08 430.09 73.62 500 177.38
000506 0.434 37.39 30.36 375 316.48
000533 0.622 2.01 2.6 449.31 152
000575 0.248 26.78 90.68 277.78 293.42
000584 0.742 339.32 207.67 484.4 366.32
000603 0.089 47.74 135.42 388.14 334.92
000615 0.887 6.48 133.13 303.28 314.07
000658 0.315 198.9 252.12 450.97 375.0
000662 0.149 0 113.67 479.52 246
000683 0.797 46.5 26.14 500 302.62
000798 0.501 88.82 198.48 443.11 333
000839 0.644 106.98 116.99 274.42 239.99
000839 0.731 285.38 110.97 484.1 271.29
000840 0.724 0 169.37 292.74 333.71
000841 0.912 0 171.71 446.81 358.71
000938 0.887 121.89 200.65 242.53 316.8
000941 0.202 0 189.79 500 399
000994 0.985 197.69 185.77 446.59 368.05
001040 0.247 217.4 181.85 415.4 310.47
001047 0.962 94.33 95.56 385.05 259.12
001067 0.14 81.87 126.33 500 375
001117 0.87 20.04 218.51 464.64 373.99
001132 0.955 25.61 55.47 477.63 316.64
001133 0.31 5.32 200.15 433.0 362.14
001133 0.632 448.88 253.14 500 375
001150 0.408 0 17.95 500 325.75
001159 0.805 11.96 251.31 500 373
001162 0.291 224.13 129.04 500 339.12
001163 0.501 31.99 190.01 286.59 368.61
001167 0.794 142.81 64.59 500 357
001177 0.928 375.9 116.02 480.9 229.51
001180 0.532 243.3 324.43 333 500
001197 0.368 61.71 1.61 483.04 268.52
001217 0.321 49.78 9.09 500 355.98
001220 0.32 263.98 0 500 308.16
001297 0.615 0 133.82 375 468.7
001338 0.454 20.42 221.78 285.62 372.84
001347 0.184 10.48 165.44 495.61 375
001374 0.679 363.18 190.23 500 375
001391 0.274 24.73 165.96 379.37 375.0
001401 0.111 0 29.35 484.03 375
001411 0.999 14.79 113.46 187.05 281.32
001431 0.593 0 10.96 395.2 156.66
001458 0.86 143.18 45.35 494.96 177.07
001461 0.986 150.64 165.52 428.74 365.5
001518 0.946 20.65 145.64 124.81 203.32
001518 0.334 32.71 153.02 166.97 221.27
001518 0.489 68.56 158.46 244.32 250.86
001518 0.511 195.46 234.99 309.46 337.08
001519 0.934 174.44 278.25 310.03 453.67
001534 0.699 179.66 193.58 287.57 240.11
001540 0.733 0 208.15 156.0 373
001585 0.701 0 181.29 377.1 345.51
001600 0.154 488.26 251.41 500 361.61
001600 0.337 339.56 240.17 500 311.78
001629 0.686 9.66 216.39 268.06 364.86
001696 0.522 1.82 177.42 45.69 324.42
001728 0.269 3.5 126.13 500 337.73
001731 0.978 0 77.03 275.5 274.01
001763 0.274 26.95 61.08 500 375
001779 0.329 49.81 164.13 403.81 375
001811 0.175 104.02 183.49 323.04 284.47
001811 0.139 341.59 203.73 500 297.47
001826 0.166 178.65 199.44 333.35 320.34
001831 0.668 0 139.77 397.8 375
001868 0.334 149.13 302.48 486.39 375
001879 0.828 266.23 398.83 375 500
001905 0.015 48.94 262.08 500 343
001993 0.748 29.95 321.64 355 500
002013 0.32 229.35 127.08 471.27 333.0
002018 0.91 279.82 25.79 481.82 158
002018 0.113 0 15.26 283.2 141.36
002026 0.651 385.82 125.8 493.62 234.98
002026 0.604 31.71 149.46 398.01 375
002035 0.818 138.57 0 390.58 197.49
002077 0.772 0 0 270.63 420.24
002122 0.854 0 43.47 271.4 216.37
002127 0.402 0 0 407.16 375
002164 0.882 83.39 119.62 214.11 246.5
002230 0.023 147.77 189.57 259.28 276.49
002230 0.961 137.46 220.71 338.25 328.06
002254 0.653 0 253.49 129.6 500
002297 0.854 293.66 78.47 491.26 217.99
002399 0.914 495.3 0 500 218.4
002408 0.538 0 0 360.57 152.52
002414 0.757 337.81 212.59 500 302.8
002426 0.785 55.01 11.58 267.11 119.88
002455 0.937 0 160.3 393.3 266.23
002489 0.728 0 0 500 286.0
002510 0.076 158.93 104.98 466.65 294.26
002535 0.403 0 35.34 488.04 373.9
002541 0.479 11.46 31.14 500 337
002574 0.561 33.87 77.73 500 333
002650 0.247 10.8 149.11 181.44 366.66
002654 0.517 113.72 196.47 486.12 375
002673 0.678 14.45 103.47 500 357.47
002752 0.582 190.06 184.11 342.04 269.47
002752 0.588 148.39 202.43 209.29 331.65
002809 0.56 5.09 245.44 102.75 361.92
002874 0.096 0 375 437.36 375
002885 0.834 173.63 56.82 479.6 269.12
002887 0.019 69.07 173.42 197.71 226.82
002887 0.016 333.23 322.58 406.03 375
003029 0.914 265.91 261.34 500 375
003048 0.271 189.31 119.44 473.52 294.94
003096 0.655 20.73 38.56 300 224
003099 0.462 17.45 0 348.55 234.6
003115 0.701 186.38 149.18 440.9 306.68
003196 0.684 0 38.67 301.67 355.02
003197 0.704 0 139.48 406.0 375
003208 0.758 0 171.62 453.6 327.1
003212 0.561 141.26 141.14 500 373.6
003221 0.004 143.97 250.01 393.23 343.07
003224 0.675 0 145.64 500 365.24
003252 0.995 0 0 500 218.4
003264 0.259 0 276.73 500 335
003277 0.231 25.29 109.96 396.58 375
003309 0.065 0 175.61 456.96 373.49
003317 0.926 6.12 43.4 292.07 366.32
003341 0.26 63.01 139.45 424.09 284.17
003418 0.627 2.04 187.18 83.82 287.14
003437 0.378 81.92 222.0 375.2 353.2
003442 0.33 11.93 76.22 480.28 313.87
003532 0.816 29.09 274.79 457.57 334
003544 0.895 358.09 184.96 489.41 375
003569 0.515 71.0 103.28 331.3 280.28
003641 0.821 23.7 294.84 367.7 500
003650 0.913 2.92 20.08 120.52 237.29
003672 0.937 0 39.1 482.09 375
003702 0.664 0 98.7 500 263.82
003725 0.639 5.6 50.78 442.6 193.65
003728 0.588 500 375 500 375
003744 0.815 25.12 124.8 446.56 339.12
003755 0.973 0 241.79 259.44 339.13
003862 0.304 112.44 135.99 392.94 317.55
003884 0.179 162.17 128.49 483.25 363.14
003884 0.748 370.36 38.69 489.04 191.59
003928 0.153 231.25 161.03 374.7 242.84
003944 0.943 0 150.35 452.27 360.3
004004 0.642 0 286.91 225.0 431.67
004029 0.197 0 192.08 392.78 195
004045 0.34 1.35 51.31 460.73 375
004053 0.312 0.55 266.79 92.23 332
004063 0.808 0 50.4 333 500
004068 0.525 187.91 112.98 460.61 361.02
004096 0.345 320.92 242.1 500 273
004101 0.766 14.13 181.24 375 500
004109 0.67 432.99 186.92 494.37 265.32
004119 0.819 367.6 149.76 500 254.16
004119 0.849 0.38 205.42 42.5 331.9
004132 0.641 0 99.32 500 316.46
004166 0.651 72.44 224.14 130.26 315.91
004179 0.892 0.75 51.22 164.55 108.82
004180 0.734 254.0 193.24 434.29 375
004180 0.755 0 0 460.35 142.6
004210 0.566 0 95.74 500 374
004219 0.938 0 226.55 406.77 255
004222 0.761 241.33 162.19 344.73 234.27
004222 0.874 208.37 78.64 316.94 232.24
004252 0.234 0 207.05 297.16 255.05
004276 0.657 63.72 110.3 288.87 274.1
004288 0.612 0 77.84 496.0 375
004363 0.12 272.01 183.2 490.05 332
004385 0.358 0 13.07 465.48 364
004440 0.105 0 72.16 462.21 375
004465 0.121 0 113.79 479.0 358.51
004501 0.236 27.9 187.42 500 369.82
004567 0.437 51.9 190.41 315.9 334.59
004575 0.201 269.11 209.56 466.12 349.56
004575 0.319 8.0 297.64 450.8 372.16
004659 0.037 78.82 204.32 403.2 364.37
004695 0.253 0 310.23 464.07 374.23
004704 0.689 16.29 139.13 375 500
004791 0.603 178.15 44.45 400 229.13
004813 0.343 291.31 196.52 494.26 375
004838 0.596 40.07 124.64 500 338
004855 0.604 32.94 164.74 500 349.99
004887 0.22 4.54 129.23 250.3 296.43
004908 0.663 0 166.96 339.43 470.01
004922 0.702 50.31 34.14 500 333
004923 0.847 38.99 118.75 500 375
004964 0.796 0 143.91 170.82 230.58
005010 0.975 35.85 16.3 471.45 346.6
005025 0.21 0 0 500 273.42
005082 0.108 136.57 165.09 262.12 241.53
005082 0.091 0 167.76 100.1 288.6
005082 0.543 296.6 177.1 458.42 337.78
005088 0.406 6.79 158.32 269.05 310.96
005088 0.361 276.53 190.27 470.17 375
005100 0.606 32.51 119.75 368.81 366.23
005187 0.846 17.27 262.9 333 500
005196 0.035 0 113.08 467.18 375
005221 0.483 54.27 124.58 500 375
005237 0.187 395.52 74.49 500 192.19
005250 0.64 195.71 39.62 500 370
005261 0.849 126.37 246.03 487.33 359.31
005266 0.352 50.86 184.74 374.59 352.14
005353 0.231 0 88.91 500 272.73
005362 0.152 6.96 250.58 120.24 317.78
005400 0.687 27.95 64.38 500 375
005447 0.12 121.69 157.06 411.49 279.0
005473 0.062 49.94 169.76 143.99 223.76
005498 0.041 64.24 173.99 359.29 320.05
005545 0.238 239.57 252.01 263.81 321.31
005551 0.4 278.87 153.42 500 303.57
005556 0.152 336.23 190.43 500 333
005589 0.249 74.64 105.61 285.75 281
005675 0.157 0 0 358 500
005721 0.219 0 375 500 375
005727 0.469 114.61 0 500 189.0
005727 0.618 411.36 268.51 500 325.75
005754 0.92 25.03 217.07 184.99 374.39
005767 0.427 87.47 148.28 352.57 349.16
005778 0.823 7.98 108.74 500 375
005785 0.957 24.45 9.46 500 375
005801 0.492 215.02 184.34 500 375
005804 0.169 207.75 163.21 450.85 333.49
005808 0.176 0 141.8 345.4 347.44
005898 0.321 168.56 169.88 379.65 291.08
005935 0.137 220.56 266.54 326.16 375
005935 0.189 0 322.04 154.0 374.29
005937 0.871 0 100.58 500 327.17
005937 0.87 496.45 76.61 500 102.45
005939 0.009 77.99 34.66 478.96 375
005943 0.301 309.57 132.8 500 361.46
005943 0.434 21.29 146.94 306.59 341.69
006031 0.004 4.98 107.15 414.49 323.45
006068 0.93 236.97 190.5 331 308.0
006115 0.042 120.17 219.0 467.43 384
006115 0.337 11.22 252.78 163.86 384
006126 0.471 92.16 158.3 307.16 259.18
006169 0.045 31.7 179.34 340.7 318.84
006257 0.461 49.96 128.12 500 302.92
006287 0.02 0 181.26 452.76 346.88
006288 0.759 41.42 96.71 495.51 373.45
006297 0.664 230.28 135.2 408 260.32
006307 0.31 295.71 110.21 427.27 187
006307 0.66 293.66 67.5 432.03 123.09
006313 0.709 276.56 164.12 483.61 284.72
006343 0.312 270.5 133.14 393.0 209.5
006354 0.782 0 8.11 500 375
006373 0.48 238.34 362.23 375 498.97
006452 0.72 264.69 281.07 328.86 420.45
006461 0.571 386.1 228.26 500 326.27
006487 0.998 146.81 37.71 500 291.6
006504 0.941 24.48 198.33 252.29 455.01
006505 0.638 21.14 47.84 461.24 264.8
006516 0.023 160.29 192.22 372.51 275.1
006516 0.131 360.62 230.87 500 375
006545 0.624 0 2.0 500 281
006563 0.876 212.6 426.18 243.87 500
006563 0.743 98.32 282.62 180.13 363.47
006676 0.051 500 14.94 500 277.39
006686 0.795 83.16 157.2 484.28 375
006705 0.995 75.06 164.46 247.01 342.09
006745 0.057 80.92 165.0 159.46 245.66
006764 0.613 0 75.56 491.92 375
006795 0.336 0 142.86 169.4 293.26
006816 0.797 11.52 228.66 299.28 493.66
006826 0.731 327.43 37.31 500 130.11
006895 0.151 228.32 211.93 500 375
006937 0.537 0 101.22 189.75 410.76
007019 0.22 156.86 0 500 239.8
007032 0.878 8.97 140.14 462.15 375
007053 0.255 39.22 125.97 495.54 312.52
007057 0.023 231.0 241.4 375 341.14
007067 0.471 185.9 292.14 333 395.93
007094 0.561 33.13 209.04 375 407.04
007116 0.606 64.59 50.88 471.23 312.54
007170 0.553 255.7 168.02 500 334
007192 0.466 0 121.77 464.07 369.15
007218 0.194 53.33 35.99 471.7 327.39
007220 0.875 137.31 123.72 324.75 189.96
007237 0.486 262.91 73.11 341.96 142.66
007264 0.674 3.54 157.4 234.68 315.8
007264 0.388 229.0 197.55 500 358.57
007287 0.293 34.04 55.21 373.03 283.87
007301 0.083 158.69 157.01 400.94 288.14
007315 0.554 253.74 241.65 339 360.21
007319 0.665 0 165.5 375 392.06
007332 0.317 499.21 256.36 500 375
007353 0.712 80.09 198.18 408.6 375
007364 0.177 81.51 156.65 354.11 333.95
007401 0.023 34.91 82.81 156.41 195.81
007404 0.581 0 21.95 236.4 198.95
007453 0.88 167.83 31.87 456.67 351
007485 0.572 15.45 91.67 468.63 332
007492 0.848 36.62 158.28 485.58 366.83
007561 0.704 129.5 219.21 474.5 375
007561 0.784 0 68.31 181.44 210.09
007567 0.115 190.33 147.65 348.69 288.77
007567 0.913 0 141.84 110.2 216.36
007747 0.793 27.02 198.26 202.78 341.06
007780 0.421 79.66 273.52 363.3 375
007785 0.614 259.86 218.04 500 354.0
007808 0.05 374.88 103.81 500 136.67
007811 0.346 0 0 318.72 347.76
007816 0.945 239.74 172.15 306.38 204.49
007832 0.753 86.7 143.38 337.58 263.89
007862 0.723 79.88 140.77 496.11 375
007903 0.287 75.2 157.62 455.2 375
007929 0.24 30.14 200.66 448.63 385.9
007937 0.516 0 144.38 129.6 299.16
007937 0.841 385.0 188.11 497.27 264.37
007962 0.326 0 0.82 500 359.86
008018 0.656 0 128.92 398.4 325.8
008077 0.133 22.71 113.87 480.69 237.95
008114 0.501 62.06 195.97 360.54 365.97
008119 0.302 184.99 407.54 251.02 470.54
008155 0.15 212.24 23.97 375 196.98
008162 0.86 138.35 104.0 373.68 261.3
008162 0.117 0 179.88 371.7 375
008176 0.996 385.57 59.32 500 308.17
008286 0.437 237.88 286.0 458.29 417.25
008309 0.389 63.56 73.13 482.12 375
008325 0.958 0 149.18 500 375
008347 0.196 4.06 163.38 191.74 296.27
008380 0.114 27.61 125.06 500 270.5
008392 0.607 35.43 67.06 500 363.46
008395 0.015 192.97 57.53 468.45 248.63
008417 0.081 76.19 326.39 219.29 401.85
008439 0.876 26.81 8.47 375 500
008486 0.986 0 297.16 149.33 478.61
008496 0.105 123.16 263.58 348.88 414.28
008510 0.305 42.74 113.96 500 375
008543 0.766 78.24 306.65 264.0 375
008543 0.595 237.72 302.04 459.86 370.44
008569 0.9 41.71 37.72 476.37 330.62
008614 0.467 27.34 187.53 294.88 332
008614 0.155 227.02 217.37 354.7 253.28
008614 0.749 297.99 173.53 374.95 220.45
008650 0.674 0 31.72 458.16 375
008671 0.31 0 109.83 124.74 289.05
008671 0.669 303.25 112.44 432.85 244.44
008678 0.816 0 500 141.37 500
008700 0.505 0 63.67 430.2 343.03
008721 0.813 0 87.11 500 375
008762 0.293 154.71 325.57 205.15 461.23
008762 0.647 0 284.89 80.58 393.01
008803 0.459 146.92 263.14 401.23 375
008803 0.35 164.8 181.03 413.44 352.19
008821 0.937 81.87 121.54 500 183.54
008834 0.157 0 75.02 500 349.53
008864 0.919 2.29 184.66 283.55 333
008918 0.57 43.33 97.83 500 375
008922 0.232 370.08 171.79 500 300.1
008947 0.91 314.42 201.0 490.88 317.1
009013 0.751 65.54 219.41 425.38 349.91
009070 0.532 61.97 145.33 423.63 331.53
009095 0.258 0 242.84 176.4 323.03
009118 0.795 142.82 149.91 409.02 328.11
009204 0.135 261.02 345.97 464.76 375
009222 0.305 43.84 122.06 324.12 264.06
009275 0.868 194.04 255.92 312.3 394.52
009276 0.59 10.96 158.27 309.76 500
009328 0.195 23.21 83.56 410.53 313.96
009345 0.633 146.24 134.7 500 306.96
009345 0.331 3.47 165.9 132.11 352.45
009353 0.563 0 155.24 296.4 327.72
009363 0.469 0 145.48 375 500
009367 0.655 337.73 204.91 484.43 316.01
009367 0.035 93.74 205.09 322.7 301.81
009397 0.885 331.5 75.22 425.58 204.37
009435 0.152 0 139.14 271.08 325.34
009471 0.781 0 12.33 500 335.04
009486 0.753 75.04 260.65 268.07 346.41
009503 0.064 54.46 193.75 301.02 375
009521 0.254 0 249.42 167.99 375
009554 0.355 375.8 218.32 500 370
009592 0.085 122.14 42.09 360 202.55
009626 0.237 0 118.25 469.48 357.93
009628 0.991 0 216.04 489.1 375
009635 0.175 5.25 369.68 292.04 451.82
009651 0.07 23.47 162.79 267.27 362.07
009663 0.45 236.35 132.95 492.5 245.79
009715 0.063 19.52 145.49 437.59 360.71
009739 0.793 152.96 232.77 375 500
009766 0.445 0 0 500 354.09
009769 0.16 13.54 158.62 419.62 338.4
009812 0.096 0 319.24 334 474.78
009846 0.371 100.88 117.95 500 359.23
009916 0.533 19.63 171.92 354.23 375
