000002 0.623 135.33 203.84 210.13 307.87
000031 0.424 42.56 59.2 451.01 221.18
000087 0.013 102.18 167.86 308.1 202.44
000088 0.868 245.53 0 500 336.52
000100 0.351 0 35.8 432 205.55
000145 0.422 77.26 87.59 388.86 278.41
000145 0.254 410.92 143.7 494.08 304.38
000223 0.417 154.15 92.79 322.5 299.84
000238 0.076 8.3 9.93 288.62 375
000253 0.399 89.61 61.75 341.29 243.4
000281 0.695 47.39 108.78 467.51 276.22
000333 0.544 0 41.08 373.32 290.56
000398 0.955 0 316.74 372.06 442
000441 0.731 158.69 102.28 321.93 253.08
000511 0.23 0 159.73 246.75 217.95
000556 0.042 52.36 111.85 341.02 310.84
000629 0.961 76.41 82.7 500 175.7
000636 0.194 87.76 99.06 400.76 290.82
000674 0.671 0 33.7 247.0 375
000678 0.107 28.0 144.24 263.0 207.72
000703 0.494 0 200.16 312.12 444.56
000732 0.007 0 264.64 80.85 390.78
000732 0.099 136.04 180.33 334 496.43
000735 0.02 31.73 32.78 495.27 295
000743 0.223 115.7 48.51 472.9 338.31
000795 0.5 47.41 275.9 500 330.8
000824 0.958 20.74 99.33 482.98 321.69
000824 0.811 4.71 208.67 94.95 261.45
000835 0.332 202.88 108.29 304.8 221.78
000835 0.74 264.16 185.7 354.36 335
000922 0.803 122.23 101.41 217.91 235.31
000922 0.034 206.97 117.42 241.53 179.55
000942 0.387 64.63 106.9 458.83 263.94
000942 0.06 0.7 127.08 80.62 190.52
000970 0.032 337.84 120.0 414.84 202.56
000970 0.897 0 89.5 464.07 375
001016 0.966 202.68 134.9 457.52 238.94
001030 0.53 38.84 60.08 408.3 253.72
001094 0.01 0 163.62 376.05 207.72
001115 0.773 103.21 102.94 500 250.94
001115 0.937 0 127.98 79.05 228.78
001178 0.24 44.41 128.01 500 177.5
001219 0.73 98.05 175.2 179.17 310.56
001278 0.967 10.47 27.6 463.65 375
001359 0.479 190.5 63.6 362.0 286.2
001449 0.92 318.5 69.53 410.5 192.75
001449 0.538 33.86 80.43 187.55 209.07
001449 0.359 203.01 79.52 285.82 207.79
001567 0.739 77.16 99.21 322.26 396.21
001578 0.982 16.08 85.95 358.48 279.01
001578 0.705 328.02 115.56 429.88 266.97
001672 0.863 6.66 149.3 417.63 240.3
001753 0.699 29.11 233.29 428.22 326.74
001788 0.452 100.84 38.91 462.47 288.01
001802 0.708 14.94 3.93 500 272.59
001803 0.046 350.62 151.78 500 236.71
001876 0.404 294.27 84.94 486.28 250.56
001935 0.957 487.63 127.39 500 235.54
002009 0.521 0 207.97 289.68 366.05
002032 0.273 18.9 0 500 320.85
002053 0.54 18.37 97.39 157.96 217.36
002066 0.962 7.91 285.25 156.23 322.3
002080 0.358 0 29.93 454.09 283.93
002148 0.494 27.4 82.7 500 318.14
002150 0.143 0 85.59 499.95 339.99
002206 0.852 23.63 145.62 377.83 263.14
002236 0.774 403.76 16.4 500 333
002289 0.357 214.81 132.76 320.37 196.36
002351 0.617 22.49 125.32 416.51 284.68
002351 0.571 403.28 151.24 500 276.59
002386 0.801 255.89 4.04 500 194.36
002418 0.912 0 144.38 233.1 208.58
002457 0.067 251.26 162.01 482.92 276.47
002487 0.172 108.83 0 299.27 177.54
002487 0.612 241.4 66.69 454.2 366.55
002521 0.009 27.98 45.67 469.33 259.31
002532 0.674 200.12 103.2 500 213.6
002582 0.396 0 102.6 344.04 500
002688 0.75 42.47 70.31 494.49 276.31
002728 0.65 223.57 112.58 375.89 170.66
002756 0.198 0 23.45 227.7 487.52
002771 0.714 8.06 0 147.44 178.6
002832 0.424 173.99 82.34 323.47 213.02
002832 0.366 307.72 59.68 500 253.28
002890 0.713 27.12 72.24 435.12 279.2
002898 0.387 34.57 65.95 500 329.29
002929 0.261 177.98 131.67 344.5 351.12
002979 0.76 116.19 126.5 170.13 196.7
002998 0.27 247.01 86.14 497.17 197.32
003043 0.645 0 0 373.99 212.66
003059 0.629 219.38 124.3 272.74 210.97
003097 0.572 265.57 72.81 432 244.71
003097 0.4 39.5 41.33 265.22 250.85
003203 0.95 13.48 87.72 408.68 219.32
003220 0.069 0 104.69 369.24 225.65
003286 0.117 80.13 37.0 500 274.6
003428 0.013 196.7 67.33 323.19 273.02
003457 0.199 375 0 375 314.16
003474 0.22 0 55.98 451.2 367
003513 0.101 169.88 173.72 290.48 258.56
003513 0.871 330.43 207.29 372.29 239.39
003547 0.586 16.93 52.57 360.31 291.25
003568 0.572 35.58 111.24 420.72 412.0
003568 0.519 400.81 177.6 500 281.6
003601 0.983 66.19 97.72 467.59 301.97
003613 0.824 54.09 0 500 332.76
003637 0.799 37.19 147.94 500 239.02
003687 0.006 176.03 215.84 322.73 295.92
003689 0.408 20.68 146.14 108.68 175.84
003689 0.938 154.12 144.43 211.12 170.35
003689 0.059 6.16 199.4 116.56 303.4
003689 0.101 77.4 131.33 236.07 216.43
003689 0.97 282.4 149.69 345.62 187.31
003710 0.398 35.99 7.66 493.91 267.76
003723 0.699 232.46 98.4 388.0 247.4
003777 0.257 73.66 130.4 361.42 228.98
003777 0.778 319.46 132.28 500 263.72
003829 0.508 0 25.33 467.59 333
003843 0.451 109.47 37.4 479.04 293.48
003858 0.147 34.9 169.28 289.12 285.46
003873 0.709 101.26 60.6 500 183.74
003883 0.053 94.54 72.99 381.16 287.75
003908 0.792 120.8 32.02 161.74 137.62
003930 0.364 42.32 0 463.44 303.6
004007 0.75 244.63 121.1 314.98 196.34
004182 0.398 192.19 203.18 281.95 319.4
004235 0.051 0 82.45 406.02 343.78
004261 0.814 207.39 138.2 292.39 187.49
004324 0.874 0 39.14 452.1 298.14
004388 0.775 83.82 108.44 448.86 263.84
004393 0.638 25.44 208.86 327.44 357.26
004414 0.926 98.57 115.32 355.97 233.43
004473 0.421 233.13 133.77 451.49 216.93
004483 0.853 0 66.79 418.0 272.89
004505 0.406 28.93 24.91 353.14 333
004603 0.32 0 198.94 215.33 255.49
004624 0.04 246.13 125.79 407.05 275.19
004638 0.793 47.88 8.37 487.77 164.59
004657 0.948 75.68 145.93 313.04 332.36
004657 0.011 340.94 28.26 500 334
004663 0.959 28.2 163.95 462.62 260.55
004681 0.948 203.36 129.88 500 258.19
004711 0.917 207.27 118.72 326.87 239.37
004711 0.769 339.4 119.8 436.36 247.4
004731 0.124 183.37 48.7 456.06 354.14
004751 0.955 22.23 128.11 54.08 188.25
004751 0.138 55.4 105.8 421.56 213.8
004817 0.82 0 286.69 189.0 336.67
004853 0.186 25.13 92.23 422.57 217.78
004871 0.568 55.9 94.55 466.9 367.55
004921 0.631 56.5 114.33 301.94 343.41
004952 0.422 152.47 232.0 181.27 279.52
005011 0.759 103.32 167.98 500 254.22
005013 0.424 0 85.84 371.07 220.03
005069 0.055 1.34 39.48 327.26 246.54
005070 0.588 26.89 142.94 389.67 339.14
005095 0.311 324.22 231.32 482.46 300.23
005123 0.959 46.45 92.42 500 195.31
005154 0.981 29.28 85.47 352.38 246.47
005172 0.756 0 39.89 453.18 304.85
005240 0.639 10.74 78.75 416.39 376
005251 0.945 44.08 21.98 500 259.8
005256 0.493 52.21 7.06 467.02 304.22
005280 0.033 380.57 141.67 500 285.82
005330 0.941 0 98.6 320.45 170.96
005359 0.743 1.0 66.7 329.32 401.74
005390 0.442 129.97 207.59 407.03 317.35
005422 0.904 59.97 110.02 342.12 247.26
005463 0.976 0 34.84 465.6 279.71
005504 0.252 0 148.53 454.09 315.93
005561 0.383 0 42.92 339.43 500
005569 0.468 0 205.5 385.28 312.15
005626 0.209 0.78 51.05 54.24 298.55
005626 0.997 14.52 14.13 465.56 306.81
005643 0.89 0 118.78 462.56 328.9
005659 0.253 78.14 164.93 206.4 210.5
005659 0.631 7.32 133.81 81.42 215.71
005659 0.264 179.09 67.8 489.95 271.8
005689 0.32 0 7.06 498.16 375
005690 0.357 0 127.45 449.82 209.29
005751 0.093 216.09 128.82 322.18 214.38
005837 0.762 0 25.64 417.64 357.29
005847 0.326 85.72 39.45 500 317.17
005855 0.837 0 83.26 419.76 190.08
005933 0.969 228.95 140.33 447.31 228.05
005986 0.074 70.12 0 390.52 249.0
005999 0.941 79.9 68.89 500 313.92
006013 0.441 130.23 248.55 487.71 276.05
006077 0.57 138.15 102.56 351.3 222.56
006127 0.05 0 134.77 342.99 500
006138 0.819 212.51 79.79 500 288.17
006154 0.445 31.8 92.8 353.8 425.74
006191 0.566 0 95.74 270.72 289.78
006204 0.276 185.38 181.25 316 233.19
006204 0.997 117.24 175.57 178.6 226.33
006278 0.159 16.16 16.72 401.09 328.84
006356 0.281 28.84 66.33 500 275.33
006372 0.214 218.95 0 500 269.36
006410 0.063 371.15 223.75 484.31 375
006410 0.377 34.09 178.36 217.4 307.12
006485 0.842 196.18 130.6 277.78 247.23
006513 0.032 146.18 299.96 280.44 375.15
006554 0.185 0 118.59 405.48 329
006600 0.784 216.15 56.61 500 204.85
006600 0.487 102.9 92.25 208.83 190.95
006629 0.032 87.82 0.41 500 307.21
006665 0.901 199.36 50.78 240.56 173.92
006665 0.937 232.82 59.24 267.14 98.04
006669 0.994 98.05 0 500 327.68
006680 0.297 5.74 12.04 406.18 353.08
006715 0.098 45.27 3.13 344.27 442.01
006763 0.427 22.67 101.97 363.23 231.66
006978 0.48 292.38 135.95 500 206.42
007037 0.76 117.55 71.32 371.05 176.32
007085 0.118 51.04 123.04 500 187.94
007107 0.569 163.9 160.4 478.89 280.24
007127 0.709 178.42 149.47 481.42 238.71
007142 0.905 128.19 0 245.23 156.65
007142 0.278 46.37 64.51 212.84 310.21
007195 0.014 63.09 109.62 412.98 179.31
007206 0.494 96.59 164.58 223.49 264.33
007226 0.245 195.64 89.7 500 247.94
007349 0.89 81.92 2.0 475.88 375
007382 0.022 154.35 109.11 312.71 316.87
007387 0.107 11.09 5.2 499.35 220.8
007430 0.705 0 154.54 241.92 333
007450 0.537 0 142.97 111.51 194.0
007488 0.232 30.36 28.98 500 375
007520 0.582 0 0 447.3 375
007581 0.346 90.69 92.23 320.13 315.88
007581 0.974 44.24 7.37 500 331.73
007686 0.172 159.54 234.7 197.7 274.45
007726 0.14 237.63 477.98 345 500
007737 0.181 105.17 209.19 369.07 432.91
007764 0.872 112.49 76.53 426.44 217.65
007771 0.837 25.8 129.86 398.41 166.34
007784 0.062 0 23.78 284.78 230
007796 0.041 101.97 132.69 500 327.09
007804 0.44 10.48 0 500 334
007852 0.672 41.64 165.2 500 332.6
007881 0.079 500 0 500 290.0
007945 0.218 76.35 98.04 376.05 264.64
008065 0.525 0 254.28 488.04 319.98
008092 0.217 389.6 104.12 494.69 221.62
008154 0.403 0 131.58 494.01 276.01
008165 0.29 0 53.16 335.35 286.97
008165 0.597 320.17 73.45 497.17 241.81
008194 0.79 0 339.1 260.4 392
008234 0.419 2.46 0 128.46 209.16
008237 0.829 46.24 19.79 293.0 173.58
008247 0.83 402.79 333 500 333
008266 0.84 154.3 229.63 500 335
008308 0.745 82.86 163.06 345.73 219.7
008331 0.425 374.37 158.11 463.61 301.99
008331 0.014 102.34 105.66 355.32 345.46
008339 0.223 74.66 153.92 376.59 235.8
008412 0.353 0 133.0 339.15 212.31
008412 0.722 415.12 26.81 500 190.61
008435 0.938 134.93 119.69 266.33 238.5
008473 0.974 0 0 410.8 319.92
008500 0.878 0 53.78 431.46 221.18
008531 0.219 157.5 70.37 317.46 284.57
008552 0.35 0 100.49 325.36 363.64
008580 0.765 191.75 26.62 500 165.66
008672 0.807 0 161.88 299.88 190.38
008677 0.278 0 12.8 475.86 264.12
008679 0.786 0 175.9 200.34 280.42
008679 0.11 4.11 147.55 46.86 204.19
008696 0.836 0 67.11 500 297
008712 0.355 110.91 103.72 500 270.12
008743 0.603 184.25 152.96 271.39 281.48
008789 0.073 9.58 66.22 391.78 290.94
008855 0.718 0 52.3 310.03 334.3
008893 0.615 19.06 129.38 286.6 276.98
008893 0.536 364.5 107.29 500 185.29
008893 0.578 446.93 116.43 500 154.23
009011 0.956 272.63 0 460.74 140.4
009124 0.74 100.7 47.11 380.86 274.81
009134 0.915 33.53 49.45 474.86 210.13
009203 0.159 18.66 133.45 458.01 292.31
009220 0.321 354.51 0 500 248.85
009260 0.133 179.77 82.53 500 140.53
009340 0.244 95.46 155.26 500 274.61
009372 0.991 87.02 127.61 383.02 249.44
009399 0.36 147.19 51.61 401.08 247.13
009436 0.282 144.06 48.8 305.34 282.8
009501 0.181 200.78 115.42 284.21 238.62
009506 0.114 0 1.01 500 333
009548 0.075 137.97 154.77 309.25 363.57
009548 0.676 119.4 98.94 232.96 292.54
009625 0.896 64.12 72.07 316.84 388.85
009682 0.843 288.45 125.83 500 271.18
009682 0.101 427.3 87.16 500 167.24
009751 0.137 105.83 159.98 500 373
009784 0.908 0 0 355.5 339.2
009791 0.372 0 208.17 500 335.99
009827 0.526 0 187.87 168.95 335
009827 0.998 258.6 179.37 333.06 216.33
009844 0.898 4.49 38.17 500 313.45
009864 0.202 0 137.29 351.14 246.43
009921 0.18 142.46 155.4 500 200.76
009951 0.709 232.3 120.83 498.94 333
