000045 0.104 278.17 79.42 489.29 271.18
000059 0.808 90.11 163.79 144.11 208.34
000059 0.713 176.04 140.72 270.12 199.87
000185 0.202 286.44 276.3 334.14 351.64
000204 0.426 250.44 160.28 415.16 229.4
000227 0.566 30.08 39.75 170.51 161.0
000265 0.763 159.75 10.99 355.75 136.11
000291 0.556 166.14 154.1 312.42 283.79
000291 0.977 85.99 115.1 264.35 259.42
000342 0.432 0 121.16 399.5 352.96
000397 0.4 180.91 190.93 273.21 235.48
000414 0.373 74.38 71.49 239.98 237.03
000421 0.869 0 72.11 195.7 259.31
000571 0.309 181.88 192.49 298.52 306.94
000571 0.602 95.78 213.6 149.24 278.92
000571 0.506 209.95 285.34 325.57 389.3
000571 0.875 367.62 118.75 390.82 157.25
000571 0.951 331.24 140.41 358.96 178.79
000571 0.334 300.96 130.37 328.56 171.03
000571 0.573 266.35 128.18 288.19 154.96
000571 0.28 220.09 131.1 236.89 149.1
000571 0.954 237.66 130.41 252.81 150.15
000644 0.639 177.7 72.46 357.22 238.78
000659 0.457 265.98 61.62 408.76 261.3
000758 0.38 0 14.02 477.22 374.86
000790 0.546 141.28 96.78 194.29 152.58
000813 0.845 36.09 56.27 368.09 383.81
000956 0.464 174.75 216.94 423.85 361.98
000961 0.77 30.2 365.63 100.2 500
000961 0.841 177.95 251.73 226.4 305.73
000974 0.136 38.25 184.59 188.25 240.21
000994 0.376 55.9 124.09 166.14 207.75
001007 0.641 110.42 95.98 383.22 323.74
001029 0.045 224.83 90.58 474.99 238.78
001039 0.37 173.15 152.4 216.61 198.86
001039 0.429 227.13 155.91 277.73 203.85
001039 0.756 293.5 152.12 358.9 199.96
001039 0.953 404.69 100.95 482.79 168.79
001039 0.807 443.28 183.73 463.74 224.65
001039 0.026 457.75 84.83 488.75 102.65
001039 0.515 125.72 84.08 158.39 118.48
001039 0.511 171.45 73.07 209.97 118.85
001081 0.412 404.22 156.85 461.64 228.46
001138 0.801 254.59 147.94 290.63 186.58
001138 0.634 97.32 150.15 133.98 200.15
001138 0.517 3.0 166.35 26.5 223.59
001338 0.248 255.92 60.52 338.69 134.02
001363 0.579 102.06 0 500 363
001363 0.161 0 65.1 160.2 363
001367 0.698 16.0 79.17 125.5 234.93
001367 0.146 105.42 49.54 274.96 255.2
001392 0.048 392.97 10.44 500 176.76
001459 0.665 0 111.25 48.0 211.0
001500 0.819 213.43 54.9 349.64 172.06
001513 0.99 44.87 216.5 164.18 339.46
001546 0.433 0 337.05 192.76 375
001549 0.212 26.17 61.11 104.47 138.53
001551 0.951 171.03 60.3 368.99 194.72
001572 0.141 426.29 135.69 500 176.35
001695 0.235 50.24 52.72 500 373.72
001704 0.967 142.68 12.06 400.98 350.18
001742 0.956 4.67 210.12 64.73 306.92
001763 0.994 79.3 1.14 193.54 17.19
001811 0.216 296.02 147.37 346.78 182.89
001813 0.412 454.77 174.11 492.99 289.65
001824 0.35 151.98 68.19 302.46 219.51
001826 0.254 494.12 85.44 500 175.7
001871 0.196 105.14 45.64 375 232.57
001905 0.694 276.71 187.06 361.24 245.26
001961 0.817 44.03 119.17 154.61 185.91
002062 0.228 0 131.38 145.86 319.98
002073 0.592 202.37 15.94 469.33 333
002074 0.957 75.0 84.28 190.44 179.51
002081 0.815 221.24 150.66 359.56 268.32
002093 0.351 147.29 9.92 319.33 263.3
002119 0.606 370.04 136.88 443.3 207.23
002227 0.983 425.4 63.79 500 131.24
002252 0.431 352.5 124.94 495.1 335.02
002258 0.648 199.68 81.06 365.01 240.18
002282 0.151 145.43 193.84 241.11 291.94
002356 0.85 10.93 77.32 138.75 339.27
002394 0.275 160.74 223.46 286.5 384.65
002430 0.753 0 18.77 446.4 207.77
002469 0.575 8.07 139.3 134.55 358.9
002503 0.56 0 210.0 128.25 346.22
002601 0.366 0 72.83 125.73 246.64
002608 0.389 268.14 191.16 418.8 347.76
002617 0.18 371.36 191.72 421.65 243.43
002638 0.694 87.35 71.62 135.85 95.38
002638 0.428 213.0 74.87 299.4 140.15
002638 0.535 127.53 85.07 212.17 167.79
002656 0.603 175.61 218.87 287.96 385.64
002752 0.66 303.64 192.05 358.51 239.48
002792 0.482 14.37 39.69 255.09 188.19
002809 0.383 289.56 233.8 375 338.44
002850 0.59 323.46 82.67 471.3 227.64
002850 0.974 201.78 84.82 329.22 208.02
002902 0.443 160.4 86.81 305.62 227.2
002905 0.447 210.42 278.96 330.26 368.14
002951 0.136 103.42 133.68 228.86 262.68
002951 0.941 218.98 110.07 354.94 256.95
002985 0.962 193.72 9.84 474.72 260.1
002997 0.653 266.32 10.38 486.73 282.3
003113 0.797 55.82 96.31 237.21 237.36
003136 0.373 219.76 72.17 430.55 256.25
003158 0.594 156.82 138.06 226.86 186.0
003248 0.679 152.61 196.3 300.66 383.8
003291 0.611 269.34 150.33 348.54 248.86
003314 0.758 184.06 48.01 306.94 188.99
003314 0.526 0 74.7 110.92 204.68
003322 0.853 0 168.17 86.67 252.56
003389 0.804 62.5 146.14 227.94 304.54
003463 0.002 0 0 375 488.04
003507 0.329 113.82 171.14 204.72 246.8
003507 0.839 453.2 91.22 500 249.62
003532 0.993 211.84 156.39 278.62 235.43
003558 0.418 236.59 17.32 500 277.42
003590 0.108 246.43 136.09 341.03 202.42
003686 0.142 124.88 31.98 500 355.96
003716 0.192 357.3 388.93 375 499.16
003757 0.302 33.72 96.85 193.72 255.47
003776 0.209 91.49 66.28 208.79 116.33
003801 0.222 111.6 24.84 299.6 214.56
003909 0.22 201.0 100.45 248.0 145.07
003909 0.474 327.0 136.54 375.6 206.12
003909 0.5 355.27 181.06 411.32 210.7
003934 0.272 0 126.03 81.48 260.13
003981 0.306 219.14 154.66 437.14 375
004024 0.77 6.54 262.83 88.16 357
004024 0.096 180.5 81.6 256.75 196.8
004024 0.653 173.08 112.83 332.51 292.31
004024 0.345 312.44 4.41 500 243.61
004040 0.223 210.01 183.82 339.62 317.89
004053 0.017 231.81 183.14 333.73 264.84
004064 0.681 59.81 15.47 233.71 218.51
004166 0.097 238.0 134.2 302.05 186.2
004179 0.104 403.81 8.27 487.53 304.75
004222 0.846 143.32 131.59 222.82 203.67
004252 0.551 197.63 28.1 287.72 110.6
004260 0.323 114.67 6.94 414.53 140.59
004289 0.725 221.8 67.92 294.76 144.28
004308 0.155 12.47 38.49 121.28 295.77
004308 0.883 170.69 74.38 500 400
004342 0.627 176.99 153.92 223.05 224.6
004342 0.571 44.91 122.36 150.51 258.16
004342 0.857 3.94 84.08 66.02 277.88
004410 0.738 355.71 0 500 229.68
004418 0.066 46.97 143.7 171.17 255.97
004664 0.016 18.44 315.64 127.64 485.77
004716 0.498 38.97 137.93 208.07 290.39
004717 0.409 113.5 206.77 243.3 338.17
004781 0.218 58.66 71.69 96.03 103.93
004781 0.124 46.65 119.53 87.6 175.69
004781 0.241 90.21 119.63 129.16 168.59
004781 0.022 349.08 135.86 394.84 198.86
004781 0.514 397.08 122.28 450.54 195.99
005059 0.905 96.74 76.56 255.88 214.58
005178 0.53 133.23 193.06 500 375
005187 0.331 60.63 106.44 315.04 289.74
005235 0.765 106.89 178.97 286.81 383.09
005250 0.067 25.94 76.4 192.46 242.48
005255 0.301 0.44 127.69 116.83 234.64
005313 0.883 290.71 74.0 379.0 149.05
005375 0.369 365.61 204.59 454.79 273.59
005411 0.509 148.5 86.12 243.95 204.04
005545 0.494 60.63 203.66 113.52 245.24
005565 0.604 106.99 199.98 153.1 262.3
005587 0.817 272.6 174.84 329.8 263.19
005589 0.977 272.98 27.4 340.66 63.98
005753 0.145 428.14 67.04 500 228.14
005753 0.132 373.31 90.76 430.01 246.58
005753 0.86 6.85 121.8 50.09 188.14
005753 0.698 248.64 173.78 271.3 220.57
005754 0.382 290.95 146.34 360.53 207.33
005807 0.712 301.33 208.65 394.43 280.19
005808 0.659 361.27 174.96 497.51 283.03
005823 0.342 102.15 168.26 272.71 292.28
005827 0.924 353.97 56.55 445.05 147.75
005834 0.822 109.46 220.81 277.46 388.22
005898 0.869 61.4 127.33 130.98 190.57
005902 0.863 39.96 147.45 145.02 246.25
005902 0.527 119.58 80.02 223.07 190.26
005902 0.102 350.21 117.13 489.59 270.43
005935 0.822 56.94 188.06 105.7 218.78
005946 0.306 1.86 287.69 240.37 374
005997 0.817 110.43 167.34 194.67 254.24
006010 0.796 399.5 58.07 452.0 96.61
006040 0.062 341.15 40.62 498.83 171.62
006068 0.929 4.0 208.83 75.69 385.49
006075 0.828 394.66 162.5 480.34 209.86
006116 0.708 171.61 96.26 329.95 236.96
006144 0.475 53.05 33.28 411.05 430.86
006293 0.773 162.84 81.2 236.55 174.2
006307 0.199 126.05 61.3 165.65 103.03
006307 0.576 240.02 77.2 269.46 109.4
006308 0.812 63.83 29.13 375 318.56
006313 0.852 4.04 121.35 89.31 233.67
006345 0.015 164.25 149.92 440.89 333
006384 0.888 350.88 0 500 156.96
006389 0.247 172.1 37.04 273.1 132.27
006435 0.063 250.3 146.86 316.26 210.72
006446 0.824 202.22 0 297.26 68.67
006452 0.105 106.03 224.69 179.86 293.69
006574 0.935 406.39 110.46 489.04 185.92
006574 0.333 161.48 119.36 197.88 176.07
006574 0.906 116.14 40.34 214.06 79.67
006574 0.938 0 109.72 47.94 183.22
006624 0.494 206.57 15.68 259.92 85.88
006630 0.311 243.78 50.86 416.0 183.34
006633 0.953 52.28 146.97 120.9 280.59
006633 0.982 2.11 187.42 27.64 375
006646 0.284 266.0 289.17 312.92 349.47
006688 0.293 301.81 176.49 500 313.9
006742 0.044 0 155.31 182.28 327.31
006743 0.975 82.64 162.22 169.09 285.22
006745 0.467 246.11 144.76 281.99 177.16
006771 0.72 280.64 48.52 337.88 114.44
006774 0.693 103.47 0 247.91 96.3
006798 0.037 238.54 217.3 300.18 290.05
006817 0.507 171.82 105.41 229.39 198.91
006817 0.05 224.1 116.8 301.62 202.48
006817 0.692 298.2 49.76 337.53 181.71
006817 0.698 0 173.41 14.0 274.66
006984 0.937 364.06 61.93 396.25 94.13
006984 0.837 309.14 61.73 339.54 89.86
006984 0.956 256.49 61.73 290.28 89.27
006984 0.981 218.66 40.02 246.18 55.2
006984 0.863 166.35 56.83 189.35 82.08
006984 0.885 132.36 55.16 153.36 74.56
006984 0.004 120.67 66.4 156.93 98.5
006984 0.274 37.42 69.33 82.42 98.78
006984 0.459 1.04 69.47 19.04 83.57
006984 0.871 0 78.79 26.19 117.93
006984 0.593 48.59 106.8 136.07 181.7
006984 0.563 126.96 95.29 189.96 150.94
006984 0.234 143.55 41.99 180.81 112.39
006984 0.65 214.31 79.99 248.51 115.63
007110 0.76 1.68 203.93 29.75 292.04
007178 0.584 423.33 206.57 477.23 309.47
007196 0.783 333.79 47.05 500 230.19
007196 0.303 176.07 59.85 333.24 232.51
007196 0.547 168.32 0 306.08 225.38
007203 0.683 163.64 44.33 260.1 151.05
007203 0.216 41.37 0 149.47 185.13
007321 0.231 23.1 43.89 286.22 290.29
007332 0.643 5.63 119.54 59.53 196.3
007333 0.607 18.56 7.39 160.96 121.47
007348 0.972 43.58 105.53 109.1 164.93
007354 0.249 80.42 14.99 159.27 85.97
007401 0.271 259.67 90.1 295.01 121.04
007564 0.887 368.95 182.84 422 237.08
007583 0.672 372.18 171.66 500 375
007747 0.885 384.39 165.39 418.97 196.89
007808 0.613 128.92 97.29 187.06 234.63
007816 0.712 100.97 124.0 128.17 170.99
007816 0.742 384.42 141.25 410.16 165.49
007835 0.315 138.22 94.38 293.22 194.48
007842 0.395 0 0 452.27 367.5
007849 0.555 207.4 88.98 234.65 114.78
007849 0.231 247.7 87.1 269.04 110.1
007849 0.281 194.7 79.52 218.24 104.74
007849 0.317 102.55 231.6 136.21 274.84
007982 0.148 84.77 138.79 158.69 188.71
007982 0.357 0 246.67 144.72 281
007982 0.719 71.3 141.45 326.1 239.73
007982 0.747 21.3 221.99 500 281
008047 0.153 76.64 237.48 292.88 477.28
008050 0.54 283.69 155.96 369.79 264.08
008050 0.013 208.17 45.12 267.21 146.1
008179 0.143 93.03 0 405.93 230.52
008274 0.322 253.81 44.83 500 294.14
008277 0.135 168.22 49.99 248.14 151.96
008277 0.415 202.72 0 284.32 77.04
008288 0.51 304.8 76.58 396.47 183.28
008291 0.935 111.88 1.5 354.76 183.0
008347 0.629 388.19 184.11 438.95 227.35
008404 0.944 180.23 76.42 332.07 207.74
008405 0.42 314.52 60.77 446.52 161.78
008405 0.054 182.6 63.61 284.25 171.73
008405 0.727 64.79 46.78 171.89 160.0
008407 0.593 70.53 170.12 207.03 278.24
008407 0.73 350.34 162.44 396.9 224.84
008407 0.828 416.08 119.51 436.56 151.75
008428 0.138 277.31 86.86 500 307.32
008451 0.056 63.38 244.93 180.02 366.73
008471 0.435 204.76 141.35 351.76 242.36
008486 0.281 157.89 229.02 211.58 289.02
008486 0.513 211.17 235.24 272.53 285.06
008525 0.19 15.95 62.31 272.36 357.99
008561 0.603 329.03 40.33 500 261.87
008561 0.676 169.51 0 357.75 104.31
008563 0.444 349.74 84.47 436.44 168.11
008611 0.395 362.22 76.72 441.9 175.88
008659 0.902 104.34 41.21 382.73 224.81
008660 0.04 277.74 18.73 493.88 211.33
008675 0.305 127.18 18.91 468.11 375
008686 0.563 132.51 53.96 233.09 141.96
008707 0.0 336.01 136.1 500 276.16
008707 0.234 155.71 110.03 330.51 240.18
008707 0.674 7.42 120.79 175.0 249.94
008751 0.084 310.25 137.83 355.75 180.06
008851 0.705 101.52 85.45 232.56 255.45
008887 0.511 358.5 28.69 456.02 115.09
008887 0.63 177.21 147.3 301.84 249.3
008897 0.554 433.7 1.17 494.8 44.43
008946 0.686 0 160.93 131.58 278.65
008947 0.46 58.48 194.65 113.68 253.65
008949 0.43 107.0 15.63 295.15 145.41
008954 0.643 80.89 66.5 146.23 163.4
008954 0.592 180.39 26.35 304.84 148.33
008954 0.464 313.18 23.02 443.99 152.29
008954 0.334 416.25 74.24 494.01 275.18
008954 0.944 86.84 27.3 210.01 118.3
008991 0.905 296.49 90.92 352.17 162.7
009010 0.489 5.39 0 81.71 78.44
009097 0.522 0 73.64 104.64 223.1
009143 0.872 64.52 0 313.99 196.9
009165 0.719 82.48 31.15 202.18 206.05
009165 0.997 265.23 0 350.02 101.91
009165 0.151 302.0 169.87 353.52 241.15
009165 0.362 113.41 221.89 224.28 313.8
009165 0.94 7.43 51.82 75.77 159.34
009165 0.849 0 0 51.0 56.16
009216 0.392 0 100.0 359.04 329.68
009217 0.202 15.95 0 306.67 205.16
009226 0.402 145.84 9.74 346.54 207.34
009274 0.011 248.98 190.54 352.72 316.54
009310 0.128 96.37 52.24 234.61 160.24
009319 0.007 70.45 59.1 421.89 432.2
009319 0.831 24.3 0 56.94 61.57
009357 0.148 358.79 160.39 485.69 310.15
009357 0.873 188.07 186.2 295.95 294.2
009379 0.178 218.96 218.1 248.08 250.65
009379 0.946 399.52 219.91 431.14 251.41
009379 0.281 165.39 213.45 187.17 242.74
009397 0.384 0.3 164.46 96.22 236.84
009404 0.833 15.96 33.46 289.44 262.82
009404 0.46 237.1 48.25 468.93 301.69
009474 0.943 164.37 0 375 338.52
009478 0.193 78.45 32.8 177.51 210.35
009486 0.01 110.5 200.09 151.9 232.73
009511 0.217 228.04 59.2 344.52 174.74
009521 0.946 474.1 183.93 500 268.95
009554 0.193 137.54 139.36 179.96 214.8
009561 0.74 85.82 79.09 202.1 188.29
009561 0.58 4.89 26.92 50.91 122.06
009594 0.315 227.19 292.44 348.19 371.61
009631 0.906 446.67 143.72 478.29 170.88
009689 0.352 140.24 0 262.6 112.64
009697 0.902 49.61 177.53 109.46 231.43
009788 0.274 462.46 77.04 487.68 113.44
009795 0.523 88.25 154.17 180.16 231.17
009837 0.028 371.3 0 480.11 72.27
009840 0.486 105.49 75.22 451.1 337.36
009888 0.914 201.2 117.58 303.8 291.38
009906 0.937 33.78 91.18 136.5 170.56
009906 0.686 126.07 84.37 222.67 159.42
009906 0.556 226.41 89.21 310.07 156.41
009906 0.168 324.28 58.26 447.88 154.3
009914 0.859 309.59 205.52 358.61 236.83
009914 0.927 314.08 224.7 357.28 259.9
